População = 64, Experimentos = 150
1 thread
Probabilidade, Percentual Infectado
0.000000, 0.000000
0.010000, 0.000007
0.020000, 0.000011
0.030000, 0.000037
0.040000, 0.000054
0.050000, 0.000091
0.060000, 0.000116
0.070000, 0.000225
0.080000, 0.000195
0.090000, 0.013498
0.100000, 0.020186
0.110000, 0.013669
0.120000, 0.033475
0.130000, 0.080226
0.140000, 0.106639
0.150000, 0.199886
0.160000, 0.173358
0.170000, 0.219959
0.180000, 0.219867
0.190000, 0.306589
0.200000, 0.346572
0.210000, 0.346445
0.220000, 0.426540
0.230000, 0.439810
0.240000, 0.479831
0.250000, 0.506571
0.260000, 0.499858
0.270000, 0.626470
0.280000, 0.646414
0.290000, 0.666509
0.300000, 0.633190
0.310000, 0.726460
0.320000, 0.799796
0.330000, 0.766543
0.340000, 0.739788
0.350000, 0.779857
0.360000, 0.806509
0.370000, 0.813144
0.380000, 0.813223
0.390000, 0.779899
0.400000, 0.839850
0.410000, 0.873229
0.420000, 0.833214
0.430000, 0.859923
0.440000, 0.873232
0.450000, 0.906561
0.460000, 0.893275
0.470000, 0.879930
0.480000, 0.899917
0.490000, 0.899928
0.500000, 0.913283
0.510000, 0.953296
0.520000, 0.946624
0.530000, 0.953286
0.540000, 0.939951
0.550000, 0.953294
0.560000, 0.973298
0.570000, 0.959954
0.580000, 0.979969
0.590000, 0.959961
0.600000, 0.966634
0.610000, 0.993298
0.620000, 0.986631
0.630000, 0.986642
0.640000, 0.986642
0.650000, 0.986644
0.660000, 0.986639
0.670000, 0.999989
0.680000, 0.993312
0.690000, 0.993307
0.700000, 0.993317
0.710000, 0.993324
0.720000, 0.999995
0.730000, 0.993322
0.740000, 0.993325
0.750000, 0.993322
0.760000, 0.993324
0.770000, 0.999998
0.780000, 0.999995
0.790000, 0.999995
0.800000, 0.999989
0.810000, 0.999990
0.820000, 0.999992
0.830000, 0.999997
0.840000, 0.999995
0.850000, 0.999995
0.860000, 0.999997
0.870000, 0.999995
0.880000, 0.999997
0.890000, 0.999998
0.900000, 0.999998
0.910000, 1.000000
0.920000, 0.999998
0.930000, 0.999998
0.940000, 0.999998
0.950000, 1.000000
0.960000, 1.000000
0.970000, 1.000000
0.980000, 1.000000
0.990000, 1.000000
1.000000, 1.000000
35.21user 0.03system 0:35.25elapsed 99%CPU (0avgtext+0avgdata 4396maxresident)k
0inputs+0outputs (0major+177minor)pagefaults 0swaps
2 threads
Probabilidade, Percentual Infectado
0.000000, 0.000000
0.010000, 0.000007
0.020000, 0.000011
0.030000, 0.000037
0.040000, 0.000054
0.050000, 0.000091
0.060000, 0.000116
0.070000, 0.000225
0.080000, 0.000195
0.090000, 0.026636
0.100000, 0.020174
0.110000, 0.007096
0.120000, 0.060142
0.130000, 0.073394
0.140000, 0.053468
0.150000, 0.159907
0.160000, 0.173436
0.170000, 0.239995
0.180000, 0.266632
0.190000, 0.399764
0.200000, 0.366486
0.210000, 0.366561
0.220000, 0.479709
0.230000, 0.479871
0.240000, 0.526462
0.250000, 0.593138
0.260000, 0.513237
0.270000, 0.559795
0.280000, 0.719653
0.290000, 0.699736
0.300000, 0.673180
0.310000, 0.673171
0.320000, 0.706562
0.330000, 0.766473
0.340000, 0.753190
0.350000, 0.753164
0.360000, 0.873174
0.370000, 0.773192
0.380000, 0.846512
0.390000, 0.873236
0.400000, 0.813206
0.410000, 0.866530
0.420000, 0.853237
0.430000, 0.853255
0.440000, 0.866585
0.450000, 0.886575
0.460000, 0.926567
0.470000, 0.926592
0.480000, 0.919922
0.490000, 0.933252
0.500000, 0.926589
0.510000, 0.879946
0.520000, 0.926611
0.530000, 0.966618
0.540000, 0.913270
0.550000, 0.939977
0.560000, 0.939958
0.570000, 0.979950
0.580000, 0.986636
0.590000, 0.973299
0.600000, 0.973314
0.610000, 0.973298
0.620000, 0.966650
0.630000, 0.973309
0.640000, 0.986642
0.650000, 0.966646
0.660000, 0.999987
0.670000, 0.993311
0.680000, 0.979989
0.690000, 0.993325
0.700000, 0.999992
0.710000, 0.986654
0.720000, 0.986652
0.730000, 0.999990
0.740000, 0.993320
0.750000, 0.993330
0.760000, 0.986660
0.770000, 0.993328
0.780000, 0.999985
0.790000, 0.999992
0.800000, 0.999985
0.810000, 0.993332
0.820000, 0.999992
0.830000, 0.993320
0.840000, 0.999997
0.850000, 0.999995
0.860000, 0.999998
0.870000, 0.999993
0.880000, 0.999998
0.890000, 0.999995
0.900000, 1.000000
0.910000, 0.999998
0.920000, 0.999997
0.930000, 0.999998
0.940000, 1.000000
0.950000, 0.999998
0.960000, 1.000000
0.970000, 1.000000
0.980000, 1.000000
0.990000, 1.000000
1.000000, 1.000000
48.91user 0.00system 0:24.46elapsed 199%CPU (0avgtext+0avgdata 4560maxresident)k
0inputs+0outputs (0major+188minor)pagefaults 0swaps
4 threads
Probabilidade, Percentual Infectado
0.000000, 0.000000
0.010000, 0.000007
0.020000, 0.000011
0.030000, 0.000037
0.040000, 0.000054
0.050000, 0.000091
0.060000, 0.000116
0.070000, 0.000243
0.080000, 0.000190
0.090000, 0.006942
0.100000, 0.007093
0.110000, 0.014108
0.120000, 0.027184
0.130000, 0.040418
0.140000, 0.093955
0.150000, 0.119989
0.160000, 0.140410
0.170000, 0.240322
0.180000, 0.246551
0.190000, 0.293214
0.200000, 0.399805
0.210000, 0.393218
0.220000, 0.379886
0.230000, 0.419839
0.240000, 0.512946
0.250000, 0.579723
0.260000, 0.606352
0.270000, 0.533135
0.280000, 0.586543
0.290000, 0.626470
0.300000, 0.613162
0.310000, 0.653156
0.320000, 0.726488
0.330000, 0.639792
0.340000, 0.699850
0.350000, 0.746504
0.360000, 0.739896
0.370000, 0.773180
0.380000, 0.839836
0.390000, 0.779884
0.400000, 0.826519
0.410000, 0.873136
0.420000, 0.873198
0.430000, 0.893226
0.440000, 0.906527
0.450000, 0.893241
0.460000, 0.926532
0.470000, 0.859917
0.480000, 0.933278
0.490000, 0.939907
0.500000, 0.919932
0.510000, 0.939940
0.520000, 0.966595
0.530000, 0.926584
0.540000, 0.939950
0.550000, 0.973273
0.560000, 0.946610
0.570000, 0.986632
0.580000, 0.966611
0.590000, 0.966616
0.600000, 0.966621
0.610000, 0.979964
0.620000, 0.979967
0.630000, 0.973298
0.640000, 0.993294
0.650000, 0.973315
0.660000, 0.999982
0.670000, 0.993319
0.680000, 0.993319
0.690000, 0.986646
0.700000, 0.999971
0.710000, 0.993319
0.720000, 0.993312
0.730000, 0.993324
0.740000, 0.973319
0.750000, 0.999990
0.760000, 0.999987
0.770000, 0.999993
0.780000, 0.999992
0.790000, 0.999990
0.800000, 0.999990
0.810000, 1.000000
0.820000, 0.999995
0.830000, 0.999993
0.840000, 0.993327
0.850000, 1.000000
0.860000, 0.999987
0.870000, 0.999993
0.880000, 0.993328
0.890000, 0.999993
0.900000, 0.999992
0.910000, 1.000000
0.920000, 0.999998
0.930000, 1.000000
0.940000, 1.000000
0.950000, 1.000000
0.960000, 1.000000
0.970000, 1.000000
0.980000, 1.000000
0.990000, 1.000000
1.000000, 1.000000
91.56user 0.14system 0:23.11elapsed 396%CPU (0avgtext+0avgdata 4688maxresident)k
0inputs+0outputs (0major+204minor)pagefaults 0swaps
População = 128, Experimentos = 150
1 thread
Probabilidade, Percentual Infectado
0.000000, 0.000000
0.010000, 0.000002
0.020000, 0.000003
0.030000, 0.000009
0.040000, 0.000013
0.050000, 0.000023
0.060000, 0.000029
0.070000, 0.000056
0.080000, 0.000049
0.090000, 0.006726
0.100000, 0.020059
0.110000, 0.020088
0.120000, 0.066698
0.130000, 0.106650
0.140000, 0.100022
0.150000, 0.186621
0.160000, 0.206635
0.170000, 0.286605
0.180000, 0.286613
0.190000, 0.319965
0.200000, 0.286633
0.210000, 0.413274
0.220000, 0.459897
0.230000, 0.446616
0.240000, 0.459956
0.250000, 0.519923
0.260000, 0.573277
0.270000, 0.619934
0.280000, 0.573286
0.290000, 0.659922
0.300000, 0.693259
0.310000, 0.686607
0.320000, 0.786607
0.330000, 0.733282
0.340000, 0.799939
0.350000, 0.786618
0.360000, 0.766633
0.370000, 0.826634
0.380000, 0.826624
0.390000, 0.839971
0.400000, 0.853299
0.410000, 0.899968
0.420000, 0.879972
0.430000, 0.899962
0.440000, 0.893315
0.450000, 0.833312
0.460000, 0.893308
0.470000, 0.933311
0.480000, 0.939981
0.490000, 0.933312
0.500000, 0.946647
0.510000, 0.939988
0.520000, 0.959986
0.530000, 0.939983
0.540000, 0.933317
0.550000, 0.953318
0.560000, 0.953328
0.570000, 0.993321
0.580000, 0.959987
0.590000, 0.979992
0.600000, 0.986656
0.610000, 0.979989
0.620000, 0.973326
0.630000, 0.979993
0.640000, 0.993326
0.650000, 0.999993
0.660000, 0.986664
0.670000, 0.993326
0.680000, 0.999998
0.690000, 0.993328
0.700000, 0.993331
0.710000, 0.999997
0.720000, 0.986663
0.730000, 0.993331
0.740000, 0.999998
0.750000, 0.986665
0.760000, 0.993330
0.770000, 0.999999
0.780000, 0.999998
0.790000, 0.986666
0.800000, 0.999998
0.810000, 0.999998
0.820000, 0.999999
0.830000, 0.999998
0.840000, 0.999997
0.850000, 1.000000
0.860000, 0.999998
0.870000, 0.999999
0.880000, 1.000000
0.890000, 0.999999
0.900000, 1.000000
0.910000, 1.000000
0.920000, 1.000000
0.930000, 0.999999
0.940000, 1.000000
0.950000, 1.000000
0.960000, 1.000000
0.970000, 1.000000
0.980000, 1.000000
0.990000, 1.000000
1.000000, 1.000000
245.14user 0.14system 4:05.41elapsed 99%CPU (0avgtext+0avgdata 4400maxresident)k
0inputs+0outputs (0major+191minor)pagefaults 0swaps
2 threads
Probabilidade, Percentual Infectado
0.000000, 0.000000
0.010000, 0.000002
0.020000, 0.000003
0.030000, 0.000009
0.040000, 0.000013
0.050000, 0.000023
0.060000, 0.000029
0.070000, 0.000056
0.080000, 0.000049
0.090000, 0.026696
0.100000, 0.006731
0.110000, 0.013416
0.120000, 0.060010
0.130000, 0.093359
0.140000, 0.106624
0.150000, 0.166612
0.160000, 0.279921
0.170000, 0.253311
0.180000, 0.246631
0.190000, 0.299966
0.200000, 0.353266
0.210000, 0.439941
0.220000, 0.466616
0.230000, 0.513289
0.240000, 0.499942
0.250000, 0.546596
0.260000, 0.553282
0.270000, 0.533265
0.280000, 0.633278
0.290000, 0.699943
0.300000, 0.639961
0.310000, 0.693285
0.320000, 0.693289
0.330000, 0.746629
0.340000, 0.773293
0.350000, 0.753289
0.360000, 0.833295
0.370000, 0.799959
0.380000, 0.786630
0.390000, 0.813315
0.400000, 0.873300
0.410000, 0.826647
0.420000, 0.899965
0.430000, 0.919977
0.440000, 0.873309
0.450000, 0.906640
0.460000, 0.946645
0.470000, 0.853313
0.480000, 0.946646
0.490000, 0.933311
0.500000, 0.959982
0.510000, 0.919990
0.520000, 0.933319
0.530000, 0.959985
0.540000, 0.973322
0.550000, 0.966654
0.560000, 0.946654
0.570000, 0.979993
0.580000, 0.973317
0.590000, 0.959992
0.600000, 0.979992
0.610000, 0.973326
0.620000, 0.973328
0.630000, 0.979994
0.640000, 0.993327
0.650000, 0.993325
0.660000, 0.993329
0.670000, 0.999995
0.680000, 0.986661
0.690000, 0.966664
0.700000, 0.979996
0.710000, 0.993330
0.720000, 0.999996
0.730000, 0.993331
0.740000, 0.999997
0.750000, 0.986662
0.760000, 0.999998
0.770000, 0.979996
0.780000, 0.993330
0.790000, 0.999999
0.800000, 0.999998
0.810000, 0.999998
0.820000, 0.993333
0.830000, 0.986665
0.840000, 0.999999
0.850000, 0.999998
0.860000, 0.993333
0.870000, 0.999998
0.880000, 0.999999
0.890000, 0.999998
0.900000, 1.000000
0.910000, 0.999999
0.920000, 0.999999
0.930000, 1.000000
0.940000, 1.000000
0.950000, 1.000000
0.960000, 1.000000
0.970000, 1.000000
0.980000, 1.000000
0.990000, 1.000000
1.000000, 1.000000
294.99user 0.06system 2:27.54elapsed 199%CPU (0avgtext+0avgdata 4664maxresident)k
0inputs+0outputs (0major+201minor)pagefaults 0swaps
4 threads
Probabilidade, Percentual Infectado
0.000000, 0.000000
0.010000, 0.000002
0.020000, 0.000003
0.030000, 0.000009
0.040000, 0.000013
0.050000, 0.000023
0.060000, 0.000029
0.070000, 0.000057
0.080000, 0.000049
0.090000, 0.006731
0.100000, 0.020041
0.110000, 0.026684
0.120000, 0.079935
0.130000, 0.099982
0.140000, 0.100045
0.150000, 0.146608
0.160000, 0.159975
0.170000, 0.266613
0.180000, 0.213271
0.190000, 0.279942
0.200000, 0.333279
0.210000, 0.379924
0.220000, 0.399940
0.230000, 0.413294
0.240000, 0.493235
0.250000, 0.566585
0.260000, 0.579920
0.270000, 0.586591
0.280000, 0.593304
0.290000, 0.686594
0.300000, 0.699935
0.310000, 0.646592
0.320000, 0.613290
0.330000, 0.739943
0.340000, 0.806612
0.350000, 0.799943
0.360000, 0.813300
0.370000, 0.826605
0.380000, 0.786612
0.390000, 0.839946
0.400000, 0.859969
0.410000, 0.853287
0.420000, 0.833298
0.430000, 0.926643
0.440000, 0.853307
0.450000, 0.879975
0.460000, 0.913319
0.470000, 0.873313
0.480000, 0.906635
0.490000, 0.913310
0.500000, 0.953321
0.510000, 0.893321
0.520000, 0.926645
0.530000, 0.933322
0.540000, 0.966652
0.550000, 0.953319
0.560000, 0.953324
0.570000, 0.959985
0.580000, 0.959989
0.590000, 0.959987
0.600000, 0.973322
0.610000, 0.986659
0.620000, 0.959989
0.630000, 0.979993
0.640000, 0.993326
0.650000, 0.999994
0.660000, 0.986663
0.670000, 0.986661
0.680000, 0.993325
0.690000, 0.986661
0.700000, 0.986662
0.710000, 0.993330
0.720000, 0.993331
0.730000, 0.993332
0.740000, 0.993331
0.750000, 0.999997
0.760000, 0.993328
0.770000, 0.993331
0.780000, 0.999996
0.790000, 0.999998
0.800000, 0.999997
0.810000, 0.999999
0.820000, 0.999999
0.830000, 1.000000
0.840000, 0.999997
0.850000, 0.999999
0.860000, 0.993333
0.870000, 0.999999
0.880000, 0.999999
0.890000, 1.000000
0.900000, 0.999999
0.910000, 1.000000
0.920000, 1.000000
0.930000, 1.000000
0.940000, 1.000000
0.950000, 1.000000
0.960000, 1.000000
0.970000, 1.000000
0.980000, 1.000000
0.990000, 1.000000
1.000000, 1.000000
538.31user 0.67system 2:15.64elapsed 397%CPU (0avgtext+0avgdata 4676maxresident)k
0inputs+0outputs (0major+215minor)pagefaults 0swaps
População = 192, Experimentos = 150
1 thread
Probabilidade, Percentual Infectado
0.000000, 0.000000
0.010000, 0.000001
0.020000, 0.000001
0.030000, 0.000004
0.040000, 0.000006
0.050000, 0.000010
0.060000, 0.000013
0.070000, 0.000025
0.080000, 0.000022
0.090000, 0.006681
0.100000, 0.006693
0.110000, 0.026684
0.120000, 0.066663
0.130000, 0.066681
0.140000, 0.113315
0.150000, 0.173306
0.160000, 0.199991
0.170000, 0.186661
0.180000, 0.213329
0.190000, 0.353304
0.200000, 0.339974
0.210000, 0.386637
0.220000, 0.459964
0.230000, 0.426647
0.240000, 0.586631
0.250000, 0.566647
0.260000, 0.633311
0.270000, 0.593307
0.280000, 0.593316
0.290000, 0.639972
0.300000, 0.733308
0.310000, 0.726645
0.320000, 0.693308
0.330000, 0.753314
0.340000, 0.786648
0.350000, 0.726653
0.360000, 0.726648
0.370000, 0.786651
0.380000, 0.866652
0.390000, 0.813319
0.400000, 0.879982
0.410000, 0.859989
0.420000, 0.859987
0.430000, 0.899987
0.440000, 0.879984
0.450000, 0.886653
0.460000, 0.939993
0.470000, 0.919990
0.480000, 0.933328
0.490000, 0.939994
0.500000, 0.953322
0.510000, 0.933324
0.520000, 0.973326
0.530000, 0.953326
0.540000, 0.946659
0.550000, 0.979995
0.560000, 0.959995
0.570000, 0.966661
0.580000, 0.979998
0.590000, 0.946663
0.600000, 0.986663
0.610000, 0.993330
0.620000, 0.979997
0.630000, 0.966662
0.640000, 0.993329
0.650000, 0.979998
0.660000, 0.986664
0.670000, 0.986664
0.680000, 0.993332
0.690000, 0.986666
0.700000, 0.986665
0.710000, 0.986664
0.720000, 0.999999
0.730000, 0.973333
0.740000, 0.993332
0.750000, 0.999999
0.760000, 0.999999
0.770000, 0.999998
0.780000, 1.000000
0.790000, 0.999999
0.800000, 0.999999
0.810000, 0.999999
0.820000, 0.993333
0.830000, 1.000000
0.840000, 0.993333
0.850000, 1.000000
0.860000, 1.000000
0.870000, 1.000000
0.880000, 1.000000
0.890000, 1.000000
0.900000, 1.000000
0.910000, 0.993333
0.920000, 1.000000
0.930000, 1.000000
0.940000, 1.000000
0.950000, 1.000000
0.960000, 1.000000
0.970000, 1.000000
0.980000, 1.000000
0.990000, 1.000000
1.000000, 1.000000
769.30user 0.22system 12:49.77elapsed 99%CPU (0avgtext+0avgdata 4548maxresident)k
0inputs+0outputs (0major+211minor)pagefaults 0swaps
2 threads
Probabilidade, Percentual Infectado
0.000000, 0.000000
0.010000, 0.000001
0.020000, 0.000001
0.030000, 0.000004
0.040000, 0.000006
0.050000, 0.000010
0.060000, 0.000013
0.070000, 0.000025
0.080000, 0.000022
0.090000, 0.006681
0.100000, 0.013348
0.110000, 0.020034
0.120000, 0.060030
0.130000, 0.099987
0.140000, 0.079995
0.150000, 0.113332
0.160000, 0.179985
0.170000, 0.226663
0.180000, 0.199979
0.190000, 0.286651
0.200000, 0.313292
0.210000, 0.399971
0.220000, 0.353310
0.230000, 0.453324
0.240000, 0.493309
0.250000, 0.453302
0.260000, 0.566646
0.270000, 0.559973
0.280000, 0.606647
0.290000, 0.726628
0.300000, 0.633305
0.310000, 0.613321
0.320000, 0.753314
0.330000, 0.746647
0.340000, 0.773313
0.350000, 0.799980
0.360000, 0.779977
0.370000, 0.819976
0.380000, 0.793315
0.390000, 0.793317
0.400000, 0.839983
0.410000, 0.813321
0.420000, 0.826654
0.430000, 0.859987
0.440000, 0.906657
0.450000, 0.893321
0.460000, 0.933321
0.470000, 0.933320
0.480000, 0.873324
0.490000, 0.926656
0.500000, 0.939991
0.510000, 0.933323
0.520000, 0.946658
0.530000, 0.913328
0.540000, 0.946655
0.550000, 0.959997
0.560000, 0.953328
0.570000, 0.966661
0.580000, 0.979997
0.590000, 0.959995
0.600000, 0.986663
0.610000, 0.999996
0.620000, 0.979997
0.630000, 0.953329
0.640000, 0.986664
0.650000, 0.979998
0.660000, 0.979998
0.670000, 0.979999
0.680000, 0.999997
0.690000, 0.993332
0.700000, 0.993332
0.710000, 0.979999
0.720000, 0.993332
0.730000, 0.999999
0.740000, 0.993332
0.750000, 0.999999
0.760000, 0.999999
0.770000, 0.999998
0.780000, 1.000000
0.790000, 0.999999
0.800000, 0.999999
0.810000, 0.999999
0.820000, 0.999999
0.830000, 0.999999
0.840000, 1.000000
0.850000, 0.999999
0.860000, 1.000000
0.870000, 1.000000
0.880000, 1.000000
0.890000, 1.000000
0.900000, 1.000000
0.910000, 0.999999
0.920000, 1.000000
0.930000, 1.000000
0.940000, 1.000000
0.950000, 1.000000
0.960000, 1.000000
0.970000, 1.000000
0.980000, 1.000000
0.990000, 1.000000
1.000000, 1.000000
895.28user 0.23system 7:27.83elapsed 199%CPU (0avgtext+0avgdata 4772maxresident)k
0inputs+0outputs (0major+224minor)pagefaults 0swaps
4 threads
Probabilidade, Percentual Infectado
0.000000, 0.000000
0.010000, 0.000001
0.020000, 0.000001
0.030000, 0.000004
0.040000, 0.000006
0.050000, 0.000010
0.060000, 0.000013
0.070000, 0.000025
0.080000, 0.000022
0.090000, 0.006684
0.100000, 0.006686
0.110000, 0.033352
0.120000, 0.026708
0.130000, 0.060011
0.140000, 0.100003
0.150000, 0.166639
0.160000, 0.186650
0.170000, 0.213310
0.180000, 0.233324
0.190000, 0.299984
0.200000, 0.333304
0.210000, 0.306655
0.220000, 0.439954
0.230000, 0.379984
0.240000, 0.513298
0.250000, 0.493307
0.260000, 0.553296
0.270000, 0.553308
0.280000, 0.613303
0.290000, 0.653307
0.300000, 0.753293
0.310000, 0.699982
0.320000, 0.713311
0.330000, 0.673312
0.340000, 0.673312
0.350000, 0.746642
0.360000, 0.746650
0.370000, 0.759982
0.380000, 0.839987
0.390000, 0.859981
0.400000, 0.846648
0.410000, 0.853316
0.420000, 0.833316
0.430000, 0.873321
0.440000, 0.879985
0.450000, 0.899986
0.460000, 0.959989
0.470000, 0.893316
0.480000, 0.866657
0.490000, 0.919994
0.500000, 0.906657
0.510000, 0.959992
0.520000, 0.933326
0.530000, 0.919992
0.540000, 0.973325
0.550000, 0.953326
0.560000, 0.959995
0.570000, 0.953328
0.580000, 0.973328
0.590000, 0.979995
0.600000, 0.973331
0.610000, 0.973330
0.620000, 0.999995
0.630000, 0.986664
0.640000, 0.986665
0.650000, 0.993331
0.660000, 0.979997
0.670000, 0.966665
0.680000, 0.993332
0.690000, 0.999998
0.700000, 0.986664
0.710000, 0.999999
0.720000, 0.999999
0.730000, 0.986666
0.740000, 0.993331
0.750000, 0.999999
0.760000, 0.993332
0.770000, 0.999999
0.780000, 0.993332
0.790000, 0.999999
0.800000, 0.999999
0.810000, 0.999999
0.820000, 0.993333
0.830000, 0.999999
0.840000, 1.000000
0.850000, 1.000000
0.860000, 1.000000
0.870000, 1.000000
0.880000, 1.000000
0.890000, 1.000000
0.900000, 1.000000
0.910000, 1.000000
0.920000, 1.000000
0.930000, 1.000000
0.940000, 1.000000
0.950000, 1.000000
0.960000, 1.000000
0.970000, 1.000000
0.980000, 1.000000
0.990000, 1.000000
1.000000, 1.000000
1673.51user 4.30system 7:06.07elapsed 393%CPU (0avgtext+0avgdata 4752maxresident)k
0inputs+0outputs (0major+233minor)pagefaults 0swaps
População = 20, Experimentos = 5000
1 thread
Probabilidade, Percentual Infectado
0.000000, 0.000000
0.010000, 0.000099
0.020000, 0.000214
0.030000, 0.000384
0.040000, 0.000503
0.050000, 0.000740
0.060000, 0.000981
0.070000, 0.002003
0.080000, 0.004629
0.090000, 0.010919
0.100000, 0.017710
0.110000, 0.031398
0.120000, 0.052598
0.130000, 0.080567
0.140000, 0.112110
0.150000, 0.148040
0.160000, 0.177814
0.170000, 0.223648
0.180000, 0.267986
0.190000, 0.301490
0.200000, 0.340810
0.210000, 0.386938
0.220000, 0.424607
0.230000, 0.468582
0.240000, 0.486592
0.250000, 0.528451
0.260000, 0.560366
0.270000, 0.591082
0.280000, 0.619868
0.290000, 0.647403
0.300000, 0.678472
0.310000, 0.689760
0.320000, 0.725617
0.330000, 0.733602
0.340000, 0.751829
0.350000, 0.760068
0.360000, 0.788882
0.370000, 0.803086
0.380000, 0.814509
0.390000, 0.831667
0.400000, 0.844316
0.410000, 0.853165
0.420000, 0.863638
0.430000, 0.880654
0.440000, 0.879172
0.450000, 0.882605
0.460000, 0.900779
0.470000, 0.910287
0.480000, 0.917686
0.490000, 0.925548
0.500000, 0.934388
0.510000, 0.935651
0.520000, 0.951097
0.530000, 0.945495
0.540000, 0.950672
0.550000, 0.953123
0.560000, 0.958212
0.570000, 0.964418
0.580000, 0.964831
0.590000, 0.971073
0.600000, 0.971081
0.610000, 0.974300
0.620000, 0.978522
0.630000, 0.979757
0.640000, 0.983177
0.650000, 0.984590
0.660000, 0.988201
0.670000, 0.988825
0.680000, 0.991024
0.690000, 0.989044
0.700000, 0.989257
0.710000, 0.994647
0.720000, 0.994457
0.730000, 0.994251
0.740000, 0.996473
0.750000, 0.995890
0.760000, 0.997898
0.770000, 0.996518
0.780000, 0.998900
0.790000, 0.997918
0.800000, 0.998516
0.810000, 0.998724
0.820000, 0.997333
0.830000, 0.998544
0.840000, 0.998946
0.850000, 0.999352
0.860000, 0.999756
0.870000, 0.999358
0.880000, 0.999769
0.890000, 0.999774
0.900000, 0.999978
0.910000, 0.999982
0.920000, 0.999986
0.930000, 0.999985
0.940000, 0.999992
0.950000, 0.999998
0.960000, 0.999996
0.970000, 0.999998
0.980000, 0.999999
0.990000, 1.000000
1.000000, 1.000000
62.69user 0.01system 1:02.70elapsed 99%CPU (0avgtext+0avgdata 4416maxresident)k
0inputs+0outputs (0major+176minor)pagefaults 0swaps
2 threads
Probabilidade, Percentual Infectado
0.000000, 0.000000
0.010000, 0.000098
0.020000, 0.000217
0.030000, 0.000380
0.040000, 0.000489
0.050000, 0.000724
0.060000, 0.000945
0.070000, 0.001357
0.080000, 0.002212
0.090000, 0.003125
0.100000, 0.006327
0.110000, 0.015075
0.120000, 0.025874
0.130000, 0.035684
0.140000, 0.056733
0.150000, 0.071726
0.160000, 0.115330
0.170000, 0.140006
0.180000, 0.175069
0.190000, 0.209891
0.200000, 0.245287
0.210000, 0.279003
0.220000, 0.326768
0.230000, 0.348282
0.240000, 0.403310
0.250000, 0.414160
0.260000, 0.468645
0.270000, 0.497919
0.280000, 0.552888
0.290000, 0.561450
0.300000, 0.609122
0.310000, 0.622838
0.320000, 0.648579
0.330000, 0.679852
0.340000, 0.705883
0.350000, 0.727596
0.360000, 0.741468
0.370000, 0.762237
0.380000, 0.774053
0.390000, 0.793908
0.400000, 0.812981
0.410000, 0.837503
0.420000, 0.838475
0.430000, 0.865429
0.440000, 0.866488
0.450000, 0.871039
0.460000, 0.890465
0.470000, 0.900948
0.480000, 0.906160
0.490000, 0.917424
0.500000, 0.929623
0.510000, 0.933082
0.520000, 0.935938
0.530000, 0.935531
0.540000, 0.950153
0.550000, 0.953740
0.560000, 0.957984
0.570000, 0.960014
0.580000, 0.963643
0.590000, 0.966080
0.600000, 0.971871
0.610000, 0.977506
0.620000, 0.977153
0.630000, 0.980538
0.640000, 0.978955
0.650000, 0.982373
0.660000, 0.983782
0.670000, 0.985230
0.680000, 0.990615
0.690000, 0.990845
0.700000, 0.990645
0.710000, 0.993268
0.720000, 0.993663
0.730000, 0.993300
0.740000, 0.995495
0.750000, 0.995297
0.760000, 0.996696
0.770000, 0.996318
0.780000, 0.996908
0.790000, 0.998110
0.800000, 0.999137
0.810000, 0.998525
0.820000, 0.999127
0.830000, 0.998942
0.840000, 0.999347
0.850000, 0.999550
0.860000, 0.999964
0.870000, 0.999764
0.880000, 0.999767
0.890000, 0.999972
0.900000, 0.999777
0.910000, 0.999987
0.920000, 0.999782
0.930000, 0.999987
0.940000, 0.999992
0.950000, 0.999993
0.960000, 0.999996
0.970000, 0.999996
0.980000, 1.000000
0.990000, 1.000000
1.000000, 1.000000
122.08user 0.01system 1:01.05elapsed 199%CPU (0avgtext+0avgdata 4588maxresident)k
0inputs+0outputs (0major+186minor)pagefaults 0swaps
4 threads
Probabilidade, Percentual Infectado
0.000000, 0.000000
0.010000, 0.000098
0.020000, 0.000214
0.030000, 0.000387
0.040000, 0.000487
0.050000, 0.000695
0.060000, 0.000899
0.070000, 0.001249
0.080000, 0.001677
0.090000, 0.002016
0.100000, 0.002964
0.110000, 0.004804
0.120000, 0.007048
0.130000, 0.010180
0.140000, 0.015039
0.150000, 0.028165
0.160000, 0.044337
0.170000, 0.059648
0.180000, 0.079132
0.190000, 0.107106
0.200000, 0.135333
0.210000, 0.149447
0.220000, 0.194372
0.230000, 0.229216
0.240000, 0.262389
0.250000, 0.312243
0.260000, 0.346995
0.270000, 0.378530
0.280000, 0.414097
0.290000, 0.448173
0.300000, 0.485273
0.310000, 0.509293
0.320000, 0.559495
0.330000, 0.580132
0.340000, 0.614200
0.350000, 0.641051
0.360000, 0.673161
0.370000, 0.684643
0.380000, 0.710894
0.390000, 0.736086
0.400000, 0.758382
0.410000, 0.780852
0.420000, 0.802632
0.430000, 0.813074
0.440000, 0.822852
0.450000, 0.840810
0.460000, 0.862291
0.470000, 0.867255
0.480000, 0.879943
0.490000, 0.894815
0.500000, 0.902384
0.510000, 0.916346
0.520000, 0.919067
0.530000, 0.930053
0.540000, 0.935418
0.550000, 0.935111
0.560000, 0.949362
0.570000, 0.949930
0.580000, 0.956366
0.590000, 0.964532
0.600000, 0.972909
0.610000, 0.969995
0.620000, 0.973419
0.630000, 0.973032
0.640000, 0.977624
0.650000, 0.980887
0.660000, 0.982073
0.670000, 0.984332
0.680000, 0.986132
0.690000, 0.990350
0.700000, 0.990789
0.710000, 0.991607
0.720000, 0.992607
0.730000, 0.993024
0.740000, 0.995040
0.750000, 0.996437
0.760000, 0.995665
0.770000, 0.997261
0.780000, 0.997096
0.790000, 0.998092
0.800000, 0.998098
0.810000, 0.998716
0.820000, 0.998918
0.830000, 0.998927
0.840000, 0.998752
0.850000, 0.999753
0.860000, 0.999946
0.870000, 0.999560
0.880000, 0.999768
0.890000, 0.999969
0.900000, 0.999579
0.910000, 0.999982
0.920000, 0.999984
0.930000, 0.999988
0.940000, 0.999988
0.950000, 0.999996
0.960000, 0.999999
0.970000, 0.999997
0.980000, 0.999999
0.990000, 1.000000
1.000000, 1.000000
246.53user 0.22system 1:01.97elapsed 398%CPU (0avgtext+0avgdata 4524maxresident)k
0inputs+0outputs (0major+196minor)pagefaults 0swaps
População = 50, Experimentos = 5000
1 thread
Probabilidade, Percentual Infectado
0.000000, 0.000000
0.010000, 0.000016
0.020000, 0.000034
0.030000, 0.000061
0.040000, 0.000080
0.050000, 0.000118
0.060000, 0.000157
0.070000, 0.000819
0.080000, 0.003048
0.090000, 0.009648
0.100000, 0.015932
0.110000, 0.036073
0.120000, 0.054812
0.130000, 0.078184
0.140000, 0.109499
0.150000, 0.139057
0.160000, 0.190991
0.170000, 0.238242
0.180000, 0.270038
0.190000, 0.297621
0.200000, 0.340217
0.210000, 0.379329
0.220000, 0.428311
0.230000, 0.457679
0.240000, 0.480709
0.250000, 0.518519
0.260000, 0.552892
0.270000, 0.590451
0.280000, 0.598111
0.290000, 0.634716
0.300000, 0.673503
0.310000, 0.683920
0.320000, 0.713719
0.330000, 0.738741
0.340000, 0.755753
0.350000, 0.772736
0.360000, 0.789545
0.370000, 0.793780
0.380000, 0.825778
0.390000, 0.833590
0.400000, 0.841204
0.410000, 0.862416
0.420000, 0.866431
0.430000, 0.869034
0.440000, 0.878251
0.450000, 0.892657
0.460000, 0.904473
0.470000, 0.908079
0.480000, 0.917277
0.490000, 0.926882
0.500000, 0.927498
0.510000, 0.934503
0.520000, 0.941706
0.530000, 0.946715
0.540000, 0.956117
0.550000, 0.952727
0.560000, 0.962528
0.570000, 0.964529
0.580000, 0.962539
0.590000, 0.972340
0.600000, 0.974547
0.610000, 0.978555
0.620000, 0.980156
0.630000, 0.980556
0.640000, 0.984561
0.650000, 0.981966
0.660000, 0.985967
0.670000, 0.987769
0.680000, 0.989772
0.690000, 0.990373
0.700000, 0.992776
0.710000, 0.993981
0.720000, 0.993780
0.730000, 0.994781
0.740000, 0.996181
0.750000, 0.994983
0.760000, 0.997382
0.770000, 0.997385
0.780000, 0.998585
0.790000, 0.998387
0.800000, 0.997987
0.810000, 0.997988
0.820000, 0.998389
0.830000, 0.999392
0.840000, 0.998391
0.850000, 0.999592
0.860000, 0.999593
0.870000, 0.999394
0.880000, 0.999794
0.890000, 0.999596
0.900000, 0.999997
0.910000, 0.999797
0.920000, 0.999998
0.930000, 0.999998
0.940000, 0.999998
0.950000, 0.999999
0.960000, 0.999999
0.970000, 1.000000
0.980000, 1.000000
0.990000, 1.000000
1.000000, 1.000000
613.56user 0.30system 10:14.10elapsed 99%CPU (0avgtext+0avgdata 4436maxresident)k
0inputs+0outputs (0major+178minor)pagefaults 0swaps
2 threads
Probabilidade, Percentual Infectado
0.000000, 0.000000
0.010000, 0.000016
0.020000, 0.000034
0.030000, 0.000061
0.040000, 0.000080
0.050000, 0.000118
0.060000, 0.000157
0.070000, 0.000444
0.080000, 0.002278
0.090000, 0.005748
0.100000, 0.015991
0.110000, 0.028027
0.120000, 0.047747
0.130000, 0.075885
0.140000, 0.109383
0.150000, 0.136673
0.160000, 0.177241
0.170000, 0.215947
0.180000, 0.265725
0.190000, 0.304584
0.200000, 0.343551
0.210000, 0.381155
0.220000, 0.421888
0.230000, 0.476843
0.240000, 0.497076
0.250000, 0.517089
0.260000, 0.563251
0.270000, 0.591077
0.280000, 0.611672
0.290000, 0.647898
0.300000, 0.665894
0.310000, 0.690293
0.320000, 0.712296
0.330000, 0.736722
0.340000, 0.762335
0.350000, 0.767153
0.360000, 0.780952
0.370000, 0.809973
0.380000, 0.809965
0.390000, 0.837396
0.400000, 0.847996
0.410000, 0.849210
0.420000, 0.863834
0.430000, 0.886029
0.440000, 0.886451
0.450000, 0.895851
0.460000, 0.905466
0.470000, 0.912876
0.480000, 0.921282
0.490000, 0.933088
0.500000, 0.935699
0.510000, 0.933900
0.520000, 0.940308
0.530000, 0.947917
0.540000, 0.948720
0.550000, 0.951523
0.560000, 0.961329
0.570000, 0.961129
0.580000, 0.971138
0.590000, 0.967543
0.600000, 0.974746
0.610000, 0.975152
0.620000, 0.979156
0.630000, 0.981558
0.640000, 0.979362
0.650000, 0.985765
0.660000, 0.986967
0.670000, 0.986371
0.680000, 0.989772
0.690000, 0.990172
0.700000, 0.990379
0.710000, 0.993377
0.720000, 0.993181
0.730000, 0.993981
0.740000, 0.995180
0.750000, 0.994381
0.760000, 0.997184
0.770000, 0.997386
0.780000, 0.997386
0.790000, 0.998786
0.800000, 0.998788
0.810000, 0.999189
0.820000, 0.999790
0.830000, 0.998191
0.840000, 0.999592
0.850000, 0.999392
0.860000, 0.998593
0.870000, 0.999793
0.880000, 0.999995
0.890000, 0.999996
0.900000, 0.999596
0.910000, 0.999997
0.920000, 0.999998
0.930000, 0.999998
0.940000, 0.999999
0.950000, 0.999999
0.960000, 0.999999
0.970000, 0.999999
0.980000, 1.000000
0.990000, 1.000000
1.000000, 1.000000
897.56user 0.18system 7:28.94elapsed 199%CPU (0avgtext+0avgdata 4596maxresident)k
0inputs+0outputs (0major+187minor)pagefaults 0swaps
4 threads
Probabilidade, Percentual Infectado
0.000000, 0.000000
0.010000, 0.000016
0.020000, 0.000034
0.030000, 0.000061
0.040000, 0.000080
0.050000, 0.000117
0.060000, 0.000155
0.070000, 0.000235
0.080000, 0.000512
0.090000, 0.001014
0.100000, 0.002943
0.110000, 0.008038
0.120000, 0.023703
0.130000, 0.036943
0.140000, 0.055579
0.150000, 0.087711
0.160000, 0.121741
0.170000, 0.161489
0.180000, 0.196835
0.190000, 0.238098
0.200000, 0.288140
0.210000, 0.327494
0.220000, 0.363070
0.230000, 0.413340
0.240000, 0.448411
0.250000, 0.482646
0.260000, 0.522811
0.270000, 0.548752
0.280000, 0.583556
0.290000, 0.607514
0.300000, 0.636118
0.310000, 0.660735
0.320000, 0.697537
0.330000, 0.710147
0.340000, 0.735721
0.350000, 0.756136
0.360000, 0.774136
0.370000, 0.785573
0.380000, 0.809576
0.390000, 0.829371
0.400000, 0.834998
0.410000, 0.854981
0.420000, 0.864012
0.430000, 0.874818
0.440000, 0.877635
0.450000, 0.887035
0.460000, 0.900234
0.470000, 0.912063
0.480000, 0.918863
0.490000, 0.925465
0.500000, 0.925869
0.510000, 0.938686
0.520000, 0.942500
0.530000, 0.944509
0.540000, 0.946909
0.550000, 0.957116
0.560000, 0.960521
0.570000, 0.962728
0.580000, 0.968526
0.590000, 0.969936
0.600000, 0.974140
0.610000, 0.977140
0.620000, 0.978151
0.630000, 0.982751
0.640000, 0.985557
0.650000, 0.981566
0.660000, 0.986763
0.670000, 0.988569
0.680000, 0.989373
0.690000, 0.990975
0.700000, 0.987376
0.710000, 0.994576
0.720000, 0.993178
0.730000, 0.992977
0.740000, 0.997381
0.750000, 0.996783
0.760000, 0.996584
0.770000, 0.996985
0.780000, 0.996785
0.790000, 0.998187
0.800000, 0.998786
0.810000, 0.999189
0.820000, 0.998390
0.830000, 0.998991
0.840000, 0.999992
0.850000, 0.999192
0.860000, 0.999792
0.870000, 0.999793
0.880000, 0.999795
0.890000, 0.999995
0.900000, 0.999796
0.910000, 0.999997
0.920000, 0.999797
0.930000, 0.999798
0.940000, 0.999999
0.950000, 0.999998
0.960000, 1.000000
0.970000, 1.000000
0.980000, 1.000000
0.990000, 1.000000
1.000000, 1.000000
1653.72user 1.27system 6:55.34elapsed 398%CPU (0avgtext+0avgdata 4540maxresident)k
0inputs+0outputs (0major+201minor)pagefaults 0swaps
População = 80, Experimentos = 5000
1 thread
Probabilidade, Percentual Infectado
0.000000, 0.000000
0.010000, 0.000006
0.020000, 0.000013
0.030000, 0.000024
0.040000, 0.000031
0.050000, 0.000046
0.060000, 0.000061
0.070000, 0.000692
0.080000, 0.002706
0.090000, 0.006511
0.100000, 0.016724
0.110000, 0.034894
0.120000, 0.054692
0.130000, 0.078469
0.140000, 0.110806
0.150000, 0.145812
0.160000, 0.190153
0.170000, 0.227747
0.180000, 0.257526
0.190000, 0.304923
0.200000, 0.342086
0.210000, 0.375094
0.220000, 0.421276
0.230000, 0.446862
0.240000, 0.495664
0.250000, 0.523463
0.260000, 0.552874
0.270000, 0.593271
0.280000, 0.611266
0.290000, 0.639278
0.300000, 0.660079
0.310000, 0.683281
0.320000, 0.708083
0.330000, 0.724291
0.340000, 0.744700
0.350000, 0.762904
0.360000, 0.782904
0.370000, 0.799911
0.380000, 0.812519
0.390000, 0.829320
0.400000, 0.843927
0.410000, 0.863325
0.420000, 0.868928
0.430000, 0.875936
0.440000, 0.883739
0.450000, 0.891144
0.460000, 0.898546
0.470000, 0.914551
0.480000, 0.918154
0.490000, 0.923759
0.500000, 0.932158
0.510000, 0.936762
0.520000, 0.941764
0.530000, 0.949764
0.540000, 0.955968
0.550000, 0.951771
0.560000, 0.958973
0.570000, 0.963974
0.580000, 0.968176
0.590000, 0.971378
0.600000, 0.975180
0.610000, 0.974580
0.620000, 0.980182
0.630000, 0.981983
0.640000, 0.982983
0.650000, 0.983186
0.660000, 0.985788
0.670000, 0.987389
0.680000, 0.989589
0.690000, 0.989590
0.700000, 0.991990
0.710000, 0.991991
0.720000, 0.995591
0.730000, 0.995191
0.740000, 0.996993
0.750000, 0.995593
0.760000, 0.995993
0.770000, 0.996994
0.780000, 0.998394
0.790000, 0.998995
0.800000, 0.998595
0.810000, 0.998595
0.820000, 0.998795
0.830000, 0.998796
0.840000, 0.999597
0.850000, 0.999397
0.860000, 0.999797
0.870000, 0.999798
0.880000, 0.999998
0.890000, 0.999998
0.900000, 0.999999
0.910000, 0.999999
0.920000, 0.999999
0.930000, 0.999999
0.940000, 0.999999
0.950000, 1.000000
0.960000, 1.000000
0.970000, 1.000000
0.980000, 1.000000
0.990000, 1.000000
1.000000, 1.000000
2158.53user 0.35system 36:00.78elapsed 99%CPU (0avgtext+0avgdata 4448maxresident)k
0inputs+0outputs (0major+181minor)pagefaults 0swaps
2 threads
Probabilidade, Percentual Infectado
0.000000, 0.000000
0.010000, 0.000006
0.020000, 0.000013
0.030000, 0.000024
0.040000, 0.000031
0.050000, 0.000046
0.060000, 0.000061
0.070000, 0.000887
0.080000, 0.002498
0.090000, 0.007913
0.100000, 0.015507
0.110000, 0.034104
0.120000, 0.053256
0.130000, 0.084269
0.140000, 0.108617
0.150000, 0.149786
0.160000, 0.191962
0.170000, 0.214545
0.180000, 0.266309
0.190000, 0.307493
0.200000, 0.348078
0.210000, 0.385881
0.220000, 0.424259
0.230000, 0.472859
0.240000, 0.498458
0.250000, 0.527654
0.260000, 0.563257
0.270000, 0.600850
0.280000, 0.604875
0.290000, 0.652256
0.300000, 0.669672
0.310000, 0.699875
0.320000, 0.701893
0.330000, 0.731489
0.340000, 0.745691
0.350000, 0.764105
0.360000, 0.786503
0.370000, 0.794706
0.380000, 0.815912
0.390000, 0.834915
0.400000, 0.854119
0.410000, 0.861925
0.420000, 0.862731
0.430000, 0.875135
0.440000, 0.891537
0.450000, 0.895940
0.460000, 0.898944
0.470000, 0.913944
0.480000, 0.916545
0.490000, 0.920555
0.500000, 0.927955
0.510000, 0.939758
0.520000, 0.941562
0.530000, 0.944364
0.540000, 0.951567
0.550000, 0.956767
0.560000, 0.958973
0.570000, 0.960573
0.580000, 0.967377
0.590000, 0.967177
0.600000, 0.973579
0.610000, 0.974579
0.620000, 0.978782
0.630000, 0.980785
0.640000, 0.981984
0.650000, 0.984587
0.660000, 0.985986
0.670000, 0.988586
0.680000, 0.988190
0.690000, 0.993590
0.700000, 0.992792
0.710000, 0.991992
0.720000, 0.993592
0.730000, 0.995792
0.740000, 0.994793
0.750000, 0.996393
0.760000, 0.996794
0.770000, 0.994994
0.780000, 0.997995
0.790000, 0.998195
0.800000, 0.998596
0.810000, 0.998595
0.820000, 0.999195
0.830000, 0.998996
0.840000, 0.999397
0.850000, 0.999397
0.860000, 0.999198
0.870000, 0.999797
0.880000, 0.999999
0.890000, 0.999998
0.900000, 0.999998
0.910000, 0.999999
0.920000, 0.999999
0.930000, 0.999799
0.940000, 1.000000
0.950000, 1.000000
0.960000, 1.000000
0.970000, 1.000000
0.980000, 1.000000
0.990000, 1.000000
1.000000, 1.000000
2812.32user 0.06system 23:26.24elapsed 199%CPU (0avgtext+0avgdata 4612maxresident)k
0inputs+0outputs (0major+193minor)pagefaults 0swaps
4 threads
Probabilidade, Percentual Infectado
0.000000, 0.000000
0.010000, 0.000006
0.020000, 0.000013
0.030000, 0.000024
0.040000, 0.000031
0.050000, 0.000046
0.060000, 0.000061
0.070000, 0.000494
0.080000, 0.000913
0.090000, 0.002575
0.100000, 0.013182
0.110000, 0.020391
0.120000, 0.040769
0.130000, 0.067338
0.140000, 0.102306
0.150000, 0.125055
0.160000, 0.173436
0.170000, 0.213343
0.180000, 0.251343
0.190000, 0.298724
0.200000, 0.330105
0.210000, 0.365273
0.220000, 0.422650
0.230000, 0.438458
0.240000, 0.492034
0.250000, 0.530050
0.260000, 0.560222
0.270000, 0.594238
0.280000, 0.609652
0.290000, 0.633445
0.300000, 0.661649
0.310000, 0.695045
0.320000, 0.713661
0.330000, 0.730872
0.340000, 0.753665
0.350000, 0.765676
0.360000, 0.779485
0.370000, 0.801295
0.380000, 0.811093
0.390000, 0.831101
0.400000, 0.840309
0.410000, 0.850308
0.420000, 0.857921
0.430000, 0.871720
0.440000, 0.887924
0.450000, 0.901333
0.460000, 0.895932
0.470000, 0.916535
0.480000, 0.918139
0.490000, 0.926345
0.500000, 0.928947
0.510000, 0.938752
0.520000, 0.949554
0.530000, 0.949159
0.540000, 0.951159
0.550000, 0.948563
0.560000, 0.960163
0.570000, 0.963168
0.580000, 0.964768
0.590000, 0.968772
0.600000, 0.972973
0.610000, 0.976975
0.620000, 0.976975
0.630000, 0.980777
0.640000, 0.984179
0.650000, 0.985580
0.660000, 0.985384
0.670000, 0.986784
0.680000, 0.989785
0.690000, 0.991388
0.700000, 0.988789
0.710000, 0.994390
0.720000, 0.993189
0.730000, 0.995790
0.740000, 0.994791
0.750000, 0.996792
0.760000, 0.996792
0.770000, 0.996793
0.780000, 0.997194
0.790000, 0.997594
0.800000, 0.998395
0.810000, 0.998796
0.820000, 0.999596
0.830000, 0.998996
0.840000, 0.998597
0.850000, 0.999797
0.860000, 0.999597
0.870000, 0.999798
0.880000, 0.999398
0.890000, 0.999598
0.900000, 0.999998
0.910000, 0.999799
0.920000, 0.999799
0.930000, 0.999799
0.940000, 0.999999
0.950000, 1.000000
0.960000, 1.000000
0.970000, 1.000000
0.980000, 1.000000
0.990000, 1.000000
1.000000, 1.000000
5193.79user 2.31system 21:42.20elapsed 399%CPU (0avgtext+0avgdata 4640maxresident)k
0inputs+0outputs (0major+205minor)pagefaults 0swaps
