População = 64, Experimentos = 150
1 threads
Probabilidade, Percentual Infectado
0.000000, 0.000000
0.010000, 0.000007
0.020000, 0.000011
0.030000, 0.000037
0.040000, 0.000054
0.050000, 0.000091
0.060000, 0.000116
0.070000, 0.000225
0.080000, 0.000195
0.090000, 0.013498
0.100000, 0.020186
0.110000, 0.013669
0.120000, 0.033475
0.130000, 0.080226
0.140000, 0.106639
0.150000, 0.199886
0.160000, 0.173358
0.170000, 0.219959
0.180000, 0.219867
0.190000, 0.306589
0.200000, 0.346572
0.210000, 0.346445
0.220000, 0.426540
0.230000, 0.439810
0.240000, 0.479831
0.250000, 0.506571
0.260000, 0.499858
0.270000, 0.626470
0.280000, 0.646414
0.290000, 0.666509
0.300000, 0.633190
0.310000, 0.726460
0.320000, 0.799796
0.330000, 0.766543
0.340000, 0.739788
0.350000, 0.779857
0.360000, 0.806509
0.370000, 0.813144
0.380000, 0.813223
0.390000, 0.779899
0.400000, 0.839850
0.410000, 0.873229
0.420000, 0.833214
0.430000, 0.859923
0.440000, 0.873232
0.450000, 0.906561
0.460000, 0.893275
0.470000, 0.879930
0.480000, 0.899917
0.490000, 0.899928
0.500000, 0.913283
0.510000, 0.953296
0.520000, 0.946624
0.530000, 0.953286
0.540000, 0.939951
0.550000, 0.953294
0.560000, 0.973298
0.570000, 0.959954
0.580000, 0.979969
0.590000, 0.959961
0.600000, 0.966634
0.610000, 0.993298
0.620000, 0.986631
0.630000, 0.986642
0.640000, 0.986642
0.650000, 0.986644
0.660000, 0.986639
0.670000, 0.999989
0.680000, 0.993312
0.690000, 0.993307
0.700000, 0.993317
0.710000, 0.993324
0.720000, 0.999995
0.730000, 0.993322
0.740000, 0.993325
0.750000, 0.993322
0.760000, 0.993324
0.770000, 0.999998
0.780000, 0.999995
0.790000, 0.999995
0.800000, 0.999989
0.810000, 0.999990
0.820000, 0.999992
0.830000, 0.999997
0.840000, 0.999995
0.850000, 0.999995
0.860000, 0.999997
0.870000, 0.999995
0.880000, 0.999997
0.890000, 0.999998
0.900000, 0.999998
0.910000, 1.000000
0.920000, 0.999998
0.930000, 0.999998
0.940000, 0.999998
0.950000, 1.000000
0.960000, 1.000000
0.970000, 1.000000
0.980000, 1.000000
0.990000, 1.000000
1.000000, 1.000000
35.17user 0.01system 0:35.19elapsed 99%CPU (0avgtext+0avgdata 4508maxresident)k
1456inputs+0outputs (6major+180minor)pagefaults 0swaps
2 threads
Probabilidade, Percentual Infectado
0.000000, 0.000000
0.010000, 0.000007
0.020000, 0.000011
0.030000, 0.000037
0.040000, 0.000054
0.050000, 0.000091
0.060000, 0.000116
0.070000, 0.000225
0.080000, 0.000195
0.090000, 0.039987
0.100000, 0.026807
0.110000, 0.013695
0.120000, 0.066693
0.130000, 0.086950
0.140000, 0.126527
0.150000, 0.120046
0.160000, 0.173123
0.170000, 0.279803
0.180000, 0.313148
0.190000, 0.279793
0.200000, 0.326489
0.210000, 0.446509
0.220000, 0.406566
0.230000, 0.506470
0.240000, 0.473190
0.250000, 0.533153
0.260000, 0.546510
0.270000, 0.619845
0.280000, 0.633127
0.290000, 0.653172
0.300000, 0.693089
0.310000, 0.746435
0.320000, 0.639858
0.330000, 0.673214
0.340000, 0.806424
0.350000, 0.746509
0.360000, 0.819837
0.370000, 0.773156
0.380000, 0.779897
0.390000, 0.853224
0.400000, 0.853211
0.410000, 0.866533
0.420000, 0.873192
0.430000, 0.926525
0.440000, 0.866556
0.450000, 0.919920
0.460000, 0.859928
0.470000, 0.899932
0.480000, 0.919910
0.490000, 0.899940
0.500000, 0.926579
0.510000, 0.906626
0.520000, 0.946600
0.530000, 0.959928
0.540000, 0.973276
0.550000, 0.953275
0.560000, 0.959971
0.570000, 0.993307
0.580000, 0.973291
0.590000, 0.973293
0.600000, 0.999946
0.610000, 0.979964
0.620000, 0.973312
0.630000, 0.986646
0.640000, 0.999984
0.650000, 0.979979
0.660000, 0.993294
0.670000, 0.993306
0.680000, 0.993309
0.690000, 0.979980
0.700000, 0.993320
0.710000, 0.979982
0.720000, 0.993324
0.730000, 0.986654
0.740000, 0.999984
0.750000, 0.993320
0.760000, 0.999993
0.770000, 0.993319
0.780000, 0.999992
0.790000, 0.999997
0.800000, 0.999995
0.810000, 0.999997
0.820000, 0.999990
0.830000, 0.993325
0.840000, 0.999995
0.850000, 0.999998
0.860000, 0.993325
0.870000, 1.000000
0.880000, 0.999998
0.890000, 0.999998
0.900000, 0.999997
0.910000, 0.999997
0.920000, 0.999997
0.930000, 0.999998
0.940000, 1.000000
0.950000, 1.000000
0.960000, 1.000000
0.970000, 1.000000
0.980000, 1.000000
0.990000, 1.000000
1.000000, 1.000000
48.74user 0.01system 0:24.37elapsed 199%CPU (0avgtext+0avgdata 4636maxresident)k
0inputs+0outputs (0major+190minor)pagefaults 0swaps
4 threads
Probabilidade, Percentual Infectado
0.000000, 0.000000
0.010000, 0.000007
0.020000, 0.000011
0.030000, 0.000037
0.040000, 0.000054
0.050000, 0.000091
0.060000, 0.000116
0.070000, 0.000247
0.080000, 0.000182
0.090000, 0.007313
0.100000, 0.006834
0.110000, 0.020217
0.120000, 0.033688
0.130000, 0.060472
0.140000, 0.120418
0.150000, 0.126774
0.160000, 0.086935
0.170000, 0.240124
0.180000, 0.200112
0.190000, 0.379696
0.200000, 0.273255
0.210000, 0.359839
0.220000, 0.379919
0.230000, 0.486479
0.240000, 0.499785
0.250000, 0.613094
0.260000, 0.533078
0.270000, 0.593079
0.280000, 0.633083
0.290000, 0.599796
0.300000, 0.633097
0.310000, 0.726453
0.320000, 0.759730
0.330000, 0.779751
0.340000, 0.706520
0.350000, 0.733136
0.360000, 0.793148
0.370000, 0.793174
0.380000, 0.819840
0.390000, 0.853190
0.400000, 0.839865
0.410000, 0.853197
0.420000, 0.866528
0.430000, 0.866554
0.440000, 0.919889
0.450000, 0.859884
0.460000, 0.886556
0.470000, 0.939915
0.480000, 0.899896
0.490000, 0.933237
0.500000, 0.933242
0.510000, 0.913276
0.520000, 0.959917
0.530000, 0.946564
0.540000, 0.953276
0.550000, 0.966595
0.560000, 0.966590
0.570000, 0.966631
0.580000, 0.946629
0.590000, 0.999956
0.600000, 0.993280
0.610000, 0.999956
0.620000, 0.986634
0.630000, 0.993301
0.640000, 0.993311
0.650000, 0.979977
0.660000, 0.986642
0.670000, 0.993312
0.680000, 0.966649
0.690000, 0.973320
0.700000, 0.999980
0.710000, 0.993317
0.720000, 0.993314
0.730000, 0.999982
0.740000, 0.999998
0.750000, 0.999982
0.760000, 0.993324
0.770000, 0.993317
0.780000, 0.999997
0.790000, 0.999984
0.800000, 0.993328
0.810000, 0.999997
0.820000, 0.999990
0.830000, 0.999998
0.840000, 0.993332
0.850000, 0.999997
0.860000, 1.000000
0.870000, 0.999997
0.880000, 0.999997
0.890000, 0.999998
0.900000, 0.999998
0.910000, 0.999998
0.920000, 1.000000
0.930000, 0.999997
0.940000, 0.999998
0.950000, 1.000000
0.960000, 1.000000
0.970000, 1.000000
0.980000, 1.000000
0.990000, 1.000000
1.000000, 1.000000
91.61user 0.13system 0:23.09elapsed 397%CPU (0avgtext+0avgdata 4608maxresident)k
0inputs+0outputs (0major+204minor)pagefaults 0swaps
População = 128, Experimentos = 150
1 threads
Probabilidade, Percentual Infectado
0.000000, 0.000000
0.010000, 0.000002
0.020000, 0.000003
0.030000, 0.000009
0.040000, 0.000013
0.050000, 0.000023
0.060000, 0.000029
0.070000, 0.000056
0.080000, 0.000049
0.090000, 0.006726
0.100000, 0.020059
0.110000, 0.020088
0.120000, 0.066698
0.130000, 0.106650
0.140000, 0.100022
0.150000, 0.186621
0.160000, 0.206635
0.170000, 0.286605
0.180000, 0.286613
0.190000, 0.319965
0.200000, 0.286633
0.210000, 0.413274
0.220000, 0.459897
0.230000, 0.446616
0.240000, 0.459956
0.250000, 0.519923
0.260000, 0.573277
0.270000, 0.619934
0.280000, 0.573286
0.290000, 0.659922
0.300000, 0.693259
0.310000, 0.686607
0.320000, 0.786607
0.330000, 0.733282
0.340000, 0.799939
0.350000, 0.786618
0.360000, 0.766633
0.370000, 0.826634
0.380000, 0.826624
0.390000, 0.839971
0.400000, 0.853299
0.410000, 0.899968
0.420000, 0.879972
0.430000, 0.899962
0.440000, 0.893315
0.450000, 0.833312
0.460000, 0.893308
0.470000, 0.933311
0.480000, 0.939981
0.490000, 0.933312
0.500000, 0.946647
0.510000, 0.939988
0.520000, 0.959986
0.530000, 0.939983
0.540000, 0.933317
0.550000, 0.953318
0.560000, 0.953328
0.570000, 0.993321
0.580000, 0.959987
0.590000, 0.979992
0.600000, 0.986656
0.610000, 0.979989
0.620000, 0.973326
0.630000, 0.979993
0.640000, 0.993326
0.650000, 0.999993
0.660000, 0.986664
0.670000, 0.993326
0.680000, 0.999998
0.690000, 0.993328
0.700000, 0.993331
0.710000, 0.999997
0.720000, 0.986663
0.730000, 0.993331
0.740000, 0.999998
0.750000, 0.986665
0.760000, 0.993330
0.770000, 0.999999
0.780000, 0.999998
0.790000, 0.986666
0.800000, 0.999998
0.810000, 0.999998
0.820000, 0.999999
0.830000, 0.999998
0.840000, 0.999997
0.850000, 1.000000
0.860000, 0.999998
0.870000, 0.999999
0.880000, 1.000000
0.890000, 0.999999
0.900000, 1.000000
0.910000, 1.000000
0.920000, 1.000000
0.930000, 0.999999
0.940000, 1.000000
0.950000, 1.000000
0.960000, 1.000000
0.970000, 1.000000
0.980000, 1.000000
0.990000, 1.000000
1.000000, 1.000000
245.63user 0.09system 4:05.77elapsed 99%CPU (0avgtext+0avgdata 4412maxresident)k
0inputs+0outputs (0major+191minor)pagefaults 0swaps
2 threads
Probabilidade, Percentual Infectado
0.000000, 0.000000
0.010000, 0.000002
0.020000, 0.000003
0.030000, 0.000009
0.040000, 0.000013
0.050000, 0.000023
0.060000, 0.000029
0.070000, 0.000056
0.080000, 0.000049
0.090000, 0.013352
0.100000, 0.006716
0.110000, 0.040061
0.120000, 0.066651
0.130000, 0.066657
0.140000, 0.133317
0.150000, 0.166610
0.160000, 0.133344
0.170000, 0.273335
0.180000, 0.266646
0.190000, 0.299934
0.200000, 0.379958
0.210000, 0.340009
0.220000, 0.439915
0.230000, 0.473324
0.240000, 0.479961
0.250000, 0.459965
0.260000, 0.579951
0.270000, 0.626587
0.280000, 0.599944
0.290000, 0.646619
0.300000, 0.613296
0.310000, 0.719958
0.320000, 0.666638
0.330000, 0.706618
0.340000, 0.759972
0.350000, 0.799955
0.360000, 0.806635
0.370000, 0.839959
0.380000, 0.779954
0.390000, 0.819975
0.400000, 0.846646
0.410000, 0.846635
0.420000, 0.846643
0.430000, 0.873310
0.440000, 0.913312
0.450000, 0.873307
0.460000, 0.886647
0.470000, 0.919981
0.480000, 0.919986
0.490000, 0.913304
0.500000, 0.933310
0.510000, 0.933317
0.520000, 0.953304
0.530000, 0.933320
0.540000, 0.979988
0.550000, 0.959991
0.560000, 0.973323
0.570000, 0.986656
0.580000, 0.946659
0.590000, 0.953322
0.600000, 0.946658
0.610000, 0.973326
0.620000, 0.979996
0.630000, 0.979996
0.640000, 0.973331
0.650000, 0.986660
0.660000, 0.986661
0.670000, 0.993325
0.680000, 0.999995
0.690000, 0.986665
0.700000, 0.999993
0.710000, 0.999996
0.720000, 0.979998
0.730000, 0.999998
0.740000, 0.993329
0.750000, 0.999998
0.760000, 0.999997
0.770000, 0.999995
0.780000, 0.993330
0.790000, 0.999996
0.800000, 0.999998
0.810000, 1.000000
0.820000, 0.999998
0.830000, 0.999998
0.840000, 0.999998
0.850000, 0.999997
0.860000, 0.999999
0.870000, 0.999999
0.880000, 1.000000
0.890000, 1.000000
0.900000, 1.000000
0.910000, 0.999999
0.920000, 0.999999
0.930000, 0.999999
0.940000, 1.000000
0.950000, 1.000000
0.960000, 1.000000
0.970000, 1.000000
0.980000, 1.000000
0.990000, 1.000000
1.000000, 1.000000
291.32user 0.05system 2:25.70elapsed 199%CPU (0avgtext+0avgdata 4572maxresident)k
0inputs+0outputs (0major+201minor)pagefaults 0swaps
4 threads
Probabilidade, Percentual Infectado
0.000000, 0.000000
0.010000, 0.000002
0.020000, 0.000003
0.030000, 0.000009
0.040000, 0.000013
0.050000, 0.000023
0.060000, 0.000029
0.070000, 0.000057
0.080000, 0.000049
0.090000, 0.013396
0.100000, 0.013411
0.110000, 0.013357
0.120000, 0.053340
0.130000, 0.080024
0.140000, 0.113309
0.150000, 0.166627
0.160000, 0.226587
0.170000, 0.213303
0.180000, 0.186650
0.190000, 0.266599
0.200000, 0.373253
0.210000, 0.366591
0.220000, 0.353293
0.230000, 0.473249
0.240000, 0.473284
0.250000, 0.513256
0.260000, 0.573260
0.270000, 0.506612
0.280000, 0.593258
0.290000, 0.639928
0.300000, 0.673269
0.310000, 0.706590
0.320000, 0.773253
0.330000, 0.719942
0.340000, 0.733292
0.350000, 0.746622
0.360000, 0.733292
0.370000, 0.866625
0.380000, 0.839948
0.390000, 0.859962
0.400000, 0.879954
0.410000, 0.866630
0.420000, 0.879963
0.430000, 0.886645
0.440000, 0.906630
0.450000, 0.919974
0.460000, 0.893310
0.470000, 0.926641
0.480000, 0.893306
0.490000, 0.906648
0.500000, 0.953312
0.510000, 0.959984
0.520000, 0.973315
0.530000, 0.986644
0.540000, 0.946646
0.550000, 0.979986
0.560000, 0.953317
0.570000, 0.939977
0.580000, 0.959992
0.590000, 0.979987
0.600000, 0.973324
0.610000, 0.973325
0.620000, 0.959989
0.630000, 0.993324
0.640000, 0.986662
0.650000, 0.993326
0.660000, 0.999995
0.670000, 0.993330
0.680000, 0.993330
0.690000, 0.993325
0.700000, 0.993330
0.710000, 0.979997
0.720000, 0.993331
0.730000, 0.993332
0.740000, 0.993329
0.750000, 0.993330
0.760000, 0.993332
0.770000, 0.999997
0.780000, 0.999997
0.790000, 0.999999
0.800000, 0.986667
0.810000, 0.999999
0.820000, 0.999998
0.830000, 0.999998
0.840000, 0.999998
0.850000, 0.999998
0.860000, 0.999999
0.870000, 0.999999
0.880000, 0.999999
0.890000, 0.999999
0.900000, 1.000000
0.910000, 0.999999
0.920000, 0.999999
0.930000, 1.000000
0.940000, 1.000000
0.950000, 1.000000
0.960000, 1.000000
0.970000, 1.000000
0.980000, 1.000000
0.990000, 1.000000
1.000000, 1.000000
534.03user 0.31system 2:13.92elapsed 398%CPU (0avgtext+0avgdata 4720maxresident)k
0inputs+0outputs (0major+217minor)pagefaults 0swaps
População = 192, Experimentos = 150
1 threads
Probabilidade, Percentual Infectado
0.000000, 0.000000
0.010000, 0.000001
0.020000, 0.000001
0.030000, 0.000004
0.040000, 0.000006
0.050000, 0.000010
0.060000, 0.000013
0.070000, 0.000025
0.080000, 0.000022
0.090000, 0.006681
0.100000, 0.006693
0.110000, 0.026684
0.120000, 0.066663
0.130000, 0.066681
0.140000, 0.113315
0.150000, 0.173306
0.160000, 0.199991
0.170000, 0.186661
0.180000, 0.213329
0.190000, 0.353304
0.200000, 0.339974
0.210000, 0.386637
0.220000, 0.459964
0.230000, 0.426647
0.240000, 0.586631
0.250000, 0.566647
0.260000, 0.633311
0.270000, 0.593307
0.280000, 0.593316
0.290000, 0.639972
0.300000, 0.733308
0.310000, 0.726645
0.320000, 0.693308
0.330000, 0.753314
0.340000, 0.786648
0.350000, 0.726653
0.360000, 0.726648
0.370000, 0.786651
0.380000, 0.866652
0.390000, 0.813319
0.400000, 0.879982
0.410000, 0.859989
0.420000, 0.859987
0.430000, 0.899987
0.440000, 0.879984
0.450000, 0.886653
0.460000, 0.939993
0.470000, 0.919990
0.480000, 0.933328
0.490000, 0.939994
0.500000, 0.953322
0.510000, 0.933324
0.520000, 0.973326
0.530000, 0.953326
0.540000, 0.946659
0.550000, 0.979995
0.560000, 0.959995
0.570000, 0.966661
0.580000, 0.979998
0.590000, 0.946663
0.600000, 0.986663
0.610000, 0.993330
0.620000, 0.979997
0.630000, 0.966662
0.640000, 0.993329
0.650000, 0.979998
0.660000, 0.986664
0.670000, 0.986664
0.680000, 0.993332
0.690000, 0.986666
0.700000, 0.986665
0.710000, 0.986664
0.720000, 0.999999
0.730000, 0.973333
0.740000, 0.993332
0.750000, 0.999999
0.760000, 0.999999
0.770000, 0.999998
0.780000, 1.000000
0.790000, 0.999999
0.800000, 0.999999
0.810000, 0.999999
0.820000, 0.993333
0.830000, 1.000000
0.840000, 0.993333
0.850000, 1.000000
0.860000, 1.000000
0.870000, 1.000000
0.880000, 1.000000
0.890000, 1.000000
0.900000, 1.000000
0.910000, 0.993333
0.920000, 1.000000
0.930000, 1.000000
0.940000, 1.000000
0.950000, 1.000000
0.960000, 1.000000
0.970000, 1.000000
0.980000, 1.000000
0.990000, 1.000000
1.000000, 1.000000
764.69user 0.21system 12:44.95elapsed 99%CPU (0avgtext+0avgdata 4544maxresident)k
0inputs+0outputs (0major+213minor)pagefaults 0swaps
2 threads
Probabilidade, Percentual Infectado
0.000000, 0.000000
0.010000, 0.000001
0.020000, 0.000001
0.030000, 0.000004
0.040000, 0.000006
0.050000, 0.000010
0.060000, 0.000013
0.070000, 0.000025
0.080000, 0.000022
0.090000, 0.006687
0.100000, 0.013361
0.110000, 0.013367
0.120000, 0.066667
0.130000, 0.066687
0.140000, 0.133328
0.150000, 0.113331
0.160000, 0.140010
0.170000, 0.193329
0.180000, 0.233320
0.190000, 0.293312
0.200000, 0.406648
0.210000, 0.346652
0.220000, 0.373320
0.230000, 0.486636
0.240000, 0.499964
0.250000, 0.493309
0.260000, 0.586621
0.270000, 0.553310
0.280000, 0.539975
0.290000, 0.659979
0.300000, 0.646651
0.310000, 0.626643
0.320000, 0.666649
0.330000, 0.739976
0.340000, 0.786637
0.350000, 0.733310
0.360000, 0.786651
0.370000, 0.773317
0.380000, 0.873314
0.390000, 0.799980
0.400000, 0.879982
0.410000, 0.853322
0.420000, 0.859991
0.430000, 0.859988
0.440000, 0.886655
0.450000, 0.899986
0.460000, 0.886658
0.470000, 0.913323
0.480000, 0.926657
0.490000, 0.953325
0.500000, 0.946661
0.510000, 0.939995
0.520000, 0.919993
0.530000, 0.959993
0.540000, 0.939994
0.550000, 0.959994
0.560000, 0.966661
0.570000, 0.999994
0.580000, 0.979994
0.590000, 0.953329
0.600000, 0.966664
0.610000, 0.933331
0.620000, 0.979997
0.630000, 0.973331
0.640000, 0.973330
0.650000, 0.966664
0.660000, 0.993332
0.670000, 0.993332
0.680000, 0.986665
0.690000, 0.979999
0.700000, 0.993332
0.710000, 0.986666
0.720000, 0.999998
0.730000, 0.986666
0.740000, 0.999999
0.750000, 0.999999
0.760000, 0.999999
0.770000, 0.993332
0.780000, 0.993332
0.790000, 0.993333
0.800000, 0.999999
0.810000, 1.000000
0.820000, 1.000000
0.830000, 0.999999
0.840000, 0.999999
0.850000, 1.000000
0.860000, 0.999999
0.870000, 0.999999
0.880000, 0.999999
0.890000, 0.999999
0.900000, 1.000000
0.910000, 1.000000
0.920000, 1.000000
0.930000, 1.000000
0.940000, 1.000000
0.950000, 1.000000
0.960000, 1.000000
0.970000, 1.000000
0.980000, 1.000000
0.990000, 1.000000
1.000000, 1.000000
887.03user 0.08system 7:23.58elapsed 199%CPU (0avgtext+0avgdata 4688maxresident)k
0inputs+0outputs (0major+220minor)pagefaults 0swaps
4 threads
Probabilidade, Percentual Infectado
0.000000, 0.000000
0.010000, 0.000001
0.020000, 0.000001
0.030000, 0.000004
0.040000, 0.000006
0.050000, 0.000010
0.060000, 0.000013
0.070000, 0.000025
0.080000, 0.000022
0.090000, 0.013353
0.100000, 0.006681
0.110000, 0.013365
0.120000, 0.059981
0.130000, 0.053347
0.140000, 0.099984
0.150000, 0.133326
0.160000, 0.153307
0.170000, 0.206633
0.180000, 0.266654
0.190000, 0.286634
0.200000, 0.359968
0.210000, 0.439955
0.220000, 0.426656
0.230000, 0.479965
0.240000, 0.546630
0.250000, 0.613292
0.260000, 0.606626
0.270000, 0.619971
0.280000, 0.639951
0.290000, 0.599967
0.300000, 0.679981
0.310000, 0.686637
0.320000, 0.733309
0.330000, 0.666640
0.340000, 0.806642
0.350000, 0.826644
0.360000, 0.753319
0.370000, 0.813309
0.380000, 0.833314
0.390000, 0.846649
0.400000, 0.759988
0.410000, 0.866652
0.420000, 0.873320
0.430000, 0.886651
0.440000, 0.879990
0.450000, 0.906657
0.460000, 0.886659
0.470000, 0.919984
0.480000, 0.913324
0.490000, 0.933326
0.500000, 0.926659
0.510000, 0.946660
0.520000, 0.973323
0.530000, 0.953327
0.540000, 0.953324
0.550000, 0.999991
0.560000, 0.966659
0.570000, 0.973327
0.580000, 0.973329
0.590000, 0.959995
0.600000, 0.973330
0.610000, 0.966663
0.620000, 0.973328
0.630000, 0.993328
0.640000, 0.979998
0.650000, 0.979997
0.660000, 0.986663
0.670000, 0.993332
0.680000, 0.999998
0.690000, 0.993332
0.700000, 0.993330
0.710000, 0.993333
0.720000, 0.993331
0.730000, 0.979998
0.740000, 0.993332
0.750000, 0.993332
0.760000, 0.993332
0.770000, 0.999999
0.780000, 0.999999
0.790000, 0.999999
0.800000, 0.999999
0.810000, 0.993332
0.820000, 0.999999
0.830000, 0.999999
0.840000, 0.993333
0.850000, 0.999999
0.860000, 0.999999
0.870000, 1.000000
0.880000, 1.000000
0.890000, 1.000000
0.900000, 1.000000
0.910000, 1.000000
0.920000, 1.000000
0.930000, 1.000000
0.940000, 1.000000
0.950000, 1.000000
0.960000, 1.000000
0.970000, 1.000000
0.980000, 1.000000
0.990000, 1.000000
1.000000, 1.000000
1671.01user 0.72system 6:58.95elapsed 399%CPU (0avgtext+0avgdata 4808maxresident)k
0inputs+0outputs (0major+236minor)pagefaults 0swaps
População = 20, Experimentos = 5000
1 threads
Probabilidade, Percentual Infectado
0.000000, 0.000000
0.010000, 0.000099
0.020000, 0.000214
0.030000, 0.000384
0.040000, 0.000503
0.050000, 0.000740
0.060000, 0.000981
0.070000, 0.002003
0.080000, 0.004629
0.090000, 0.010919
0.100000, 0.017710
0.110000, 0.031398
0.120000, 0.052598
0.130000, 0.080567
0.140000, 0.112110
0.150000, 0.148040
0.160000, 0.177814
0.170000, 0.223648
0.180000, 0.267986
0.190000, 0.301490
0.200000, 0.340810
0.210000, 0.386938
0.220000, 0.424607
0.230000, 0.468582
0.240000, 0.486592
0.250000, 0.528451
0.260000, 0.560366
0.270000, 0.591082
0.280000, 0.619868
0.290000, 0.647403
0.300000, 0.678472
0.310000, 0.689760
0.320000, 0.725617
0.330000, 0.733602
0.340000, 0.751829
0.350000, 0.760068
0.360000, 0.788882
0.370000, 0.803086
0.380000, 0.814509
0.390000, 0.831667
0.400000, 0.844316
0.410000, 0.853165
0.420000, 0.863638
0.430000, 0.880654
0.440000, 0.879172
0.450000, 0.882605
0.460000, 0.900779
0.470000, 0.910287
0.480000, 0.917686
0.490000, 0.925548
0.500000, 0.934388
0.510000, 0.935651
0.520000, 0.951097
0.530000, 0.945495
0.540000, 0.950672
0.550000, 0.953123
0.560000, 0.958212
0.570000, 0.964418
0.580000, 0.964831
0.590000, 0.971073
0.600000, 0.971081
0.610000, 0.974300
0.620000, 0.978522
0.630000, 0.979757
0.640000, 0.983177
0.650000, 0.984590
0.660000, 0.988201
0.670000, 0.988825
0.680000, 0.991024
0.690000, 0.989044
0.700000, 0.989257
0.710000, 0.994647
0.720000, 0.994457
0.730000, 0.994251
0.740000, 0.996473
0.750000, 0.995890
0.760000, 0.997898
0.770000, 0.996518
0.780000, 0.998900
0.790000, 0.997918
0.800000, 0.998516
0.810000, 0.998724
0.820000, 0.997333
0.830000, 0.998544
0.840000, 0.998946
0.850000, 0.999352
0.860000, 0.999756
0.870000, 0.999358
0.880000, 0.999769
0.890000, 0.999774
0.900000, 0.999978
0.910000, 0.999982
0.920000, 0.999986
0.930000, 0.999985
0.940000, 0.999992
0.950000, 0.999998
0.960000, 0.999996
0.970000, 0.999998
0.980000, 0.999999
0.990000, 1.000000
1.000000, 1.000000
61.76user 0.01system 1:01.78elapsed 99%CPU (0avgtext+0avgdata 4536maxresident)k
0inputs+0outputs (0major+181minor)pagefaults 0swaps
2 threads
Probabilidade, Percentual Infectado
0.000000, 0.000000
0.010000, 0.000099
0.020000, 0.000214
0.030000, 0.000384
0.040000, 0.000491
0.050000, 0.000713
0.060000, 0.000933
0.070000, 0.001317
0.080000, 0.002504
0.090000, 0.003150
0.100000, 0.006370
0.110000, 0.012526
0.120000, 0.024075
0.130000, 0.036301
0.140000, 0.056502
0.150000, 0.075457
0.160000, 0.106839
0.170000, 0.137759
0.180000, 0.181316
0.190000, 0.207567
0.200000, 0.239315
0.210000, 0.282780
0.220000, 0.325539
0.230000, 0.363743
0.240000, 0.394789
0.250000, 0.429633
0.260000, 0.467341
0.270000, 0.500583
0.280000, 0.521795
0.290000, 0.574773
0.300000, 0.598532
0.310000, 0.622098
0.320000, 0.644940
0.330000, 0.672969
0.340000, 0.696430
0.350000, 0.719352
0.360000, 0.751679
0.370000, 0.770296
0.380000, 0.774017
0.390000, 0.796458
0.400000, 0.806788
0.410000, 0.831379
0.420000, 0.847584
0.430000, 0.846706
0.440000, 0.866262
0.450000, 0.873296
0.460000, 0.886956
0.470000, 0.889368
0.480000, 0.901368
0.490000, 0.912377
0.500000, 0.923652
0.510000, 0.934643
0.520000, 0.933899
0.530000, 0.941342
0.540000, 0.944737
0.550000, 0.951181
0.560000, 0.954786
0.570000, 0.959617
0.580000, 0.966438
0.590000, 0.969064
0.600000, 0.974880
0.610000, 0.974318
0.620000, 0.977535
0.630000, 0.975540
0.640000, 0.982350
0.650000, 0.984182
0.660000, 0.983593
0.670000, 0.986600
0.680000, 0.989221
0.690000, 0.990250
0.700000, 0.993245
0.710000, 0.990863
0.720000, 0.994076
0.730000, 0.994272
0.740000, 0.996100
0.750000, 0.997288
0.760000, 0.996500
0.770000, 0.997507
0.780000, 0.997513
0.790000, 0.997109
0.800000, 0.998320
0.810000, 0.997729
0.820000, 0.998527
0.830000, 0.998933
0.840000, 0.999345
0.850000, 0.999559
0.860000, 0.999767
0.870000, 0.999761
0.880000, 0.999568
0.890000, 0.999767
0.900000, 0.999982
0.910000, 0.999979
0.920000, 0.999980
0.930000, 0.999989
0.940000, 0.999990
0.950000, 0.999990
0.960000, 0.999998
0.970000, 0.999996
0.980000, 0.999999
0.990000, 1.000000
1.000000, 1.000000
122.99user 0.00system 1:01.50elapsed 199%CPU (0avgtext+0avgdata 4568maxresident)k
0inputs+0outputs (0major+185minor)pagefaults 0swaps
4 threads
Probabilidade, Percentual Infectado
0.000000, 0.000000
0.010000, 0.000098
0.020000, 0.000213
0.030000, 0.000378
0.040000, 0.000485
0.050000, 0.000693
0.060000, 0.000894
0.070000, 0.001252
0.080000, 0.001637
0.090000, 0.002130
0.100000, 0.003354
0.110000, 0.004467
0.120000, 0.006436
0.130000, 0.010544
0.140000, 0.017158
0.150000, 0.025931
0.160000, 0.040401
0.170000, 0.057360
0.180000, 0.082806
0.190000, 0.103956
0.200000, 0.121711
0.210000, 0.166996
0.220000, 0.187339
0.230000, 0.217701
0.240000, 0.263610
0.250000, 0.300782
0.260000, 0.337043
0.270000, 0.377903
0.280000, 0.405740
0.290000, 0.452185
0.300000, 0.484173
0.310000, 0.510203
0.320000, 0.542678
0.330000, 0.591861
0.340000, 0.600238
0.350000, 0.629655
0.360000, 0.644368
0.370000, 0.680442
0.380000, 0.713771
0.390000, 0.726820
0.400000, 0.753922
0.410000, 0.772797
0.420000, 0.787377
0.430000, 0.808196
0.440000, 0.816425
0.450000, 0.841332
0.460000, 0.848481
0.470000, 0.859451
0.480000, 0.878242
0.490000, 0.884862
0.500000, 0.904419
0.510000, 0.906313
0.520000, 0.914859
0.530000, 0.923950
0.540000, 0.931310
0.550000, 0.933897
0.560000, 0.941109
0.570000, 0.945580
0.580000, 0.955570
0.590000, 0.959782
0.600000, 0.961271
0.610000, 0.969216
0.620000, 0.971820
0.630000, 0.968061
0.640000, 0.974660
0.650000, 0.980098
0.660000, 0.983083
0.670000, 0.984120
0.680000, 0.987763
0.690000, 0.987180
0.700000, 0.990399
0.710000, 0.991617
0.720000, 0.990793
0.730000, 0.994243
0.740000, 0.995435
0.750000, 0.995660
0.760000, 0.995263
0.770000, 0.997281
0.780000, 0.998088
0.790000, 0.996101
0.800000, 0.997117
0.810000, 0.997713
0.820000, 0.998329
0.830000, 0.998938
0.840000, 0.998538
0.850000, 0.998743
0.860000, 0.999346
0.870000, 0.999571
0.880000, 0.999768
0.890000, 0.999775
0.900000, 0.999376
0.910000, 0.999985
0.920000, 0.999982
0.930000, 0.999989
0.940000, 0.999994
0.950000, 0.999996
0.960000, 0.999995
0.970000, 0.999998
0.980000, 0.999999
0.990000, 0.999999
1.000000, 1.000000
251.55user 0.07system 1:03.01elapsed 399%CPU (0avgtext+0avgdata 4632maxresident)k
0inputs+0outputs (0major+200minor)pagefaults 0swaps
População = 50, Experimentos = 5000
1 threads
Probabilidade, Percentual Infectado
0.000000, 0.000000
0.010000, 0.000016
0.020000, 0.000034
0.030000, 0.000061
0.040000, 0.000080
0.050000, 0.000118
0.060000, 0.000157
0.070000, 0.000819
0.080000, 0.003048
0.090000, 0.009648
0.100000, 0.015932
0.110000, 0.036073
0.120000, 0.054812
0.130000, 0.078184
0.140000, 0.109499
0.150000, 0.139057
0.160000, 0.190991
0.170000, 0.238242
0.180000, 0.270038
0.190000, 0.297621
0.200000, 0.340217
0.210000, 0.379329
0.220000, 0.428311
0.230000, 0.457679
0.240000, 0.480709
0.250000, 0.518519
0.260000, 0.552892
0.270000, 0.590451
0.280000, 0.598111
0.290000, 0.634716
0.300000, 0.673503
0.310000, 0.683920
0.320000, 0.713719
0.330000, 0.738741
0.340000, 0.755753
0.350000, 0.772736
0.360000, 0.789545
0.370000, 0.793780
0.380000, 0.825778
0.390000, 0.833590
0.400000, 0.841204
0.410000, 0.862416
0.420000, 0.866431
0.430000, 0.869034
0.440000, 0.878251
0.450000, 0.892657
0.460000, 0.904473
0.470000, 0.908079
0.480000, 0.917277
0.490000, 0.926882
0.500000, 0.927498
0.510000, 0.934503
0.520000, 0.941706
0.530000, 0.946715
0.540000, 0.956117
0.550000, 0.952727
0.560000, 0.962528
0.570000, 0.964529
0.580000, 0.962539
0.590000, 0.972340
0.600000, 0.974547
0.610000, 0.978555
0.620000, 0.980156
0.630000, 0.980556
0.640000, 0.984561
0.650000, 0.981966
0.660000, 0.985967
0.670000, 0.987769
0.680000, 0.989772
0.690000, 0.990373
0.700000, 0.992776
0.710000, 0.993981
0.720000, 0.993780
0.730000, 0.994781
0.740000, 0.996181
0.750000, 0.994983
0.760000, 0.997382
0.770000, 0.997385
0.780000, 0.998585
0.790000, 0.998387
0.800000, 0.997987
0.810000, 0.997988
0.820000, 0.998389
0.830000, 0.999392
0.840000, 0.998391
0.850000, 0.999592
0.860000, 0.999593
0.870000, 0.999394
0.880000, 0.999794
0.890000, 0.999596
0.900000, 0.999997
0.910000, 0.999797
0.920000, 0.999998
0.930000, 0.999998
0.940000, 0.999998
0.950000, 0.999999
0.960000, 0.999999
0.970000, 1.000000
0.980000, 1.000000
0.990000, 1.000000
1.000000, 1.000000
610.52user 0.23system 10:10.79elapsed 99%CPU (0avgtext+0avgdata 4456maxresident)k
0inputs+0outputs (0major+183minor)pagefaults 0swaps
2 threads
Probabilidade, Percentual Infectado
0.000000, 0.000000
0.010000, 0.000016
0.020000, 0.000034
0.030000, 0.000061
0.040000, 0.000080
0.050000, 0.000118
0.060000, 0.000156
0.070000, 0.000819
0.080000, 0.002886
0.090000, 0.005955
0.100000, 0.017037
0.110000, 0.030557
0.120000, 0.043972
0.130000, 0.078051
0.140000, 0.103578
0.150000, 0.133104
0.160000, 0.175659
0.170000, 0.217404
0.180000, 0.247491
0.190000, 0.303608
0.200000, 0.330388
0.210000, 0.375352
0.220000, 0.416334
0.230000, 0.451925
0.240000, 0.501089
0.250000, 0.521082
0.260000, 0.558074
0.270000, 0.582290
0.280000, 0.626677
0.290000, 0.647683
0.300000, 0.679683
0.310000, 0.687090
0.320000, 0.709917
0.330000, 0.720947
0.340000, 0.749344
0.350000, 0.758361
0.360000, 0.790766
0.370000, 0.791979
0.380000, 0.812198
0.390000, 0.832197
0.400000, 0.843000
0.410000, 0.861616
0.420000, 0.870818
0.430000, 0.881427
0.440000, 0.880251
0.450000, 0.896650
0.460000, 0.902059
0.470000, 0.910274
0.480000, 0.924081
0.490000, 0.927283
0.500000, 0.930499
0.510000, 0.937100
0.520000, 0.940710
0.530000, 0.949717
0.540000, 0.951320
0.550000, 0.953921
0.560000, 0.962528
0.570000, 0.963931
0.580000, 0.965941
0.590000, 0.967942
0.600000, 0.974545
0.610000, 0.975752
0.620000, 0.979152
0.630000, 0.981957
0.640000, 0.982963
0.650000, 0.987166
0.660000, 0.987368
0.670000, 0.987972
0.680000, 0.991173
0.690000, 0.992977
0.700000, 0.991573
0.710000, 0.992578
0.720000, 0.993177
0.730000, 0.994379
0.740000, 0.994582
0.750000, 0.995784
0.760000, 0.996781
0.770000, 0.997784
0.780000, 0.997784
0.790000, 0.998189
0.800000, 0.998387
0.810000, 0.999188
0.820000, 0.998591
0.830000, 0.999392
0.840000, 0.999191
0.850000, 0.999793
0.860000, 0.999193
0.870000, 0.999794
0.880000, 0.999595
0.890000, 0.999797
0.900000, 0.999795
0.910000, 0.999997
0.920000, 0.999997
0.930000, 0.999798
0.940000, 0.999999
0.950000, 0.999998
0.960000, 0.999999
0.970000, 1.000000
0.980000, 1.000000
0.990000, 1.000000
1.000000, 1.000000
905.72user 0.15system 7:32.96elapsed 199%CPU (0avgtext+0avgdata 4472maxresident)k
0inputs+0outputs (0major+185minor)pagefaults 0swaps
4 threads
Probabilidade, Percentual Infectado
0.000000, 0.000000
0.010000, 0.000016
0.020000, 0.000034
0.030000, 0.000061
0.040000, 0.000080
0.050000, 0.000117
0.060000, 0.000152
0.070000, 0.000223
0.080000, 0.000525
0.090000, 0.001858
0.100000, 0.003119
0.110000, 0.009104
0.120000, 0.022085
0.130000, 0.041158
0.140000, 0.057162
0.150000, 0.093051
0.160000, 0.116817
0.170000, 0.151506
0.180000, 0.200931
0.190000, 0.233897
0.200000, 0.287577
0.210000, 0.327065
0.220000, 0.357624
0.230000, 0.412360
0.240000, 0.446065
0.250000, 0.472053
0.260000, 0.526191
0.270000, 0.552365
0.280000, 0.592180
0.290000, 0.616358
0.300000, 0.635171
0.310000, 0.655723
0.320000, 0.685541
0.330000, 0.718322
0.340000, 0.738936
0.350000, 0.756755
0.360000, 0.775550
0.370000, 0.796362
0.380000, 0.808574
0.390000, 0.830369
0.400000, 0.833997
0.410000, 0.845592
0.420000, 0.863609
0.430000, 0.868020
0.440000, 0.875821
0.450000, 0.890635
0.460000, 0.905042
0.470000, 0.913657
0.480000, 0.917854
0.490000, 0.921665
0.500000, 0.927678
0.510000, 0.932089
0.520000, 0.942100
0.530000, 0.948090
0.540000, 0.950709
0.550000, 0.956111
0.560000, 0.961523
0.570000, 0.963321
0.580000, 0.968129
0.590000, 0.970330
0.600000, 0.968336
0.610000, 0.973942
0.620000, 0.980352
0.630000, 0.978750
0.640000, 0.984156
0.650000, 0.985357
0.660000, 0.985558
0.670000, 0.985361
0.680000, 0.990565
0.690000, 0.988970
0.700000, 0.994173
0.710000, 0.992571
0.720000, 0.994777
0.730000, 0.994576
0.740000, 0.994780
0.750000, 0.997180
0.760000, 0.997782
0.770000, 0.996985
0.780000, 0.998384
0.790000, 0.998184
0.800000, 0.998588
0.810000, 0.998786
0.820000, 0.999389
0.830000, 0.999790
0.840000, 0.998992
0.850000, 0.999791
0.860000, 0.999194
0.870000, 0.999593
0.880000, 0.999995
0.890000, 0.999995
0.900000, 0.999996
0.910000, 0.999997
0.920000, 0.999998
0.930000, 0.999998
0.940000, 0.999999
0.950000, 0.999999
0.960000, 1.000000
0.970000, 1.000000
0.980000, 1.000000
0.990000, 1.000000
1.000000, 1.000000
1686.89user 3.39system 7:06.96elapsed 395%CPU (0avgtext+0avgdata 4664maxresident)k
0inputs+0outputs (0major+205minor)pagefaults 0swaps
População = 80, Experimentos = 5000
1 threads
Probabilidade, Percentual Infectado
0.000000, 0.000000
0.010000, 0.000006
0.020000, 0.000013
0.030000, 0.000024
0.040000, 0.000031
0.050000, 0.000046
0.060000, 0.000061
0.070000, 0.000692
0.080000, 0.002706
0.090000, 0.006511
0.100000, 0.016724
0.110000, 0.034894
0.120000, 0.054692
0.130000, 0.078469
0.140000, 0.110806
0.150000, 0.145812
0.160000, 0.190153
0.170000, 0.227747
0.180000, 0.257526
0.190000, 0.304923
0.200000, 0.342086
0.210000, 0.375094
0.220000, 0.421276
0.230000, 0.446862
0.240000, 0.495664
0.250000, 0.523463
0.260000, 0.552874
0.270000, 0.593271
0.280000, 0.611266
0.290000, 0.639278
0.300000, 0.660079
0.310000, 0.683281
0.320000, 0.708083
0.330000, 0.724291
0.340000, 0.744700
0.350000, 0.762904
0.360000, 0.782904
0.370000, 0.799911
0.380000, 0.812519
0.390000, 0.829320
0.400000, 0.843927
0.410000, 0.863325
0.420000, 0.868928
0.430000, 0.875936
0.440000, 0.883739
0.450000, 0.891144
0.460000, 0.898546
0.470000, 0.914551
0.480000, 0.918154
0.490000, 0.923759
0.500000, 0.932158
0.510000, 0.936762
0.520000, 0.941764
0.530000, 0.949764
0.540000, 0.955968
0.550000, 0.951771
0.560000, 0.958973
0.570000, 0.963974
0.580000, 0.968176
0.590000, 0.971378
0.600000, 0.975180
0.610000, 0.974580
0.620000, 0.980182
0.630000, 0.981983
0.640000, 0.982983
0.650000, 0.983186
0.660000, 0.985788
0.670000, 0.987389
0.680000, 0.989589
0.690000, 0.989590
0.700000, 0.991990
0.710000, 0.991991
0.720000, 0.995591
0.730000, 0.995191
0.740000, 0.996993
0.750000, 0.995593
0.760000, 0.995993
0.770000, 0.996994
0.780000, 0.998394
0.790000, 0.998995
0.800000, 0.998595
0.810000, 0.998595
0.820000, 0.998795
0.830000, 0.998796
0.840000, 0.999597
0.850000, 0.999397
0.860000, 0.999797
0.870000, 0.999798
0.880000, 0.999998
0.890000, 0.999998
0.900000, 0.999999
0.910000, 0.999999
0.920000, 0.999999
0.930000, 0.999999
0.940000, 0.999999
0.950000, 1.000000
0.960000, 1.000000
0.970000, 1.000000
0.980000, 1.000000
0.990000, 1.000000
1.000000, 1.000000
2155.58user 0.18system 35:55.89elapsed 99%CPU (0avgtext+0avgdata 4416maxresident)k
0inputs+0outputs (0major+182minor)pagefaults 0swaps
2 threads
Probabilidade, Percentual Infectado
0.000000, 0.000000
0.010000, 0.000006
0.020000, 0.000013
0.030000, 0.000024
0.040000, 0.000031
0.050000, 0.000046
0.060000, 0.000061
0.070000, 0.000888
0.080000, 0.002512
0.090000, 0.007121
0.100000, 0.017723
0.110000, 0.036867
0.120000, 0.058266
0.130000, 0.084425
0.140000, 0.111432
0.150000, 0.147797
0.160000, 0.176979
0.170000, 0.231328
0.180000, 0.274908
0.190000, 0.302503
0.200000, 0.330698
0.210000, 0.395273
0.220000, 0.433052
0.230000, 0.457454
0.240000, 0.497853
0.250000, 0.519253
0.260000, 0.552263
0.270000, 0.590459
0.280000, 0.607069
0.290000, 0.649264
0.300000, 0.663470
0.310000, 0.693474
0.320000, 0.711691
0.330000, 0.734879
0.340000, 0.739491
0.350000, 0.762899
0.360000, 0.786099
0.370000, 0.810704
0.380000, 0.812306
0.390000, 0.830511
0.400000, 0.848717
0.410000, 0.858324
0.420000, 0.864526
0.430000, 0.877531
0.440000, 0.890134
0.450000, 0.892143
0.460000, 0.904146
0.470000, 0.906345
0.480000, 0.916950
0.490000, 0.920155
0.500000, 0.925755
0.510000, 0.942760
0.520000, 0.938961
0.530000, 0.949765
0.540000, 0.948166
0.550000, 0.957969
0.560000, 0.959971
0.570000, 0.963173
0.580000, 0.969173
0.590000, 0.967578
0.600000, 0.975778
0.610000, 0.975580
0.620000, 0.977381
0.630000, 0.980384
0.640000, 0.982385
0.650000, 0.984585
0.660000, 0.984386
0.670000, 0.989788
0.680000, 0.989389
0.690000, 0.990989
0.700000, 0.990991
0.710000, 0.992191
0.720000, 0.995193
0.730000, 0.993792
0.740000, 0.993992
0.750000, 0.996392
0.760000, 0.996793
0.770000, 0.996194
0.780000, 0.998594
0.790000, 0.997995
0.800000, 0.998994
0.810000, 0.998796
0.820000, 0.999195
0.830000, 0.999197
0.840000, 0.999197
0.850000, 0.998997
0.860000, 0.999397
0.870000, 0.999798
0.880000, 0.999998
0.890000, 0.999798
0.900000, 0.999799
0.910000, 0.999999
0.920000, 0.999999
0.930000, 0.999999
0.940000, 0.999800
0.950000, 1.000000
0.960000, 1.000000
0.970000, 1.000000
0.980000, 1.000000
0.990000, 1.000000
1.000000, 1.000000
2813.67user 0.21system 23:27.00elapsed 199%CPU (0avgtext+0avgdata 4608maxresident)k
0inputs+0outputs (0major+193minor)pagefaults 0swaps
4 threads
Probabilidade, Percentual Infectado
0.000000, 0.000000
0.010000, 0.000006
0.020000, 0.000013
0.030000, 0.000024
0.040000, 0.000031
0.050000, 0.000046
0.060000, 0.000061
0.070000, 0.000096
0.080000, 0.000934
0.090000, 0.004170
0.100000, 0.012354
0.110000, 0.025987
0.120000, 0.045368
0.130000, 0.064549
0.140000, 0.091287
0.150000, 0.137224
0.160000, 0.167212
0.170000, 0.217559
0.180000, 0.257720
0.190000, 0.293924
0.200000, 0.338874
0.210000, 0.383066
0.220000, 0.404667
0.230000, 0.443448
0.240000, 0.486637
0.250000, 0.517453
0.260000, 0.552441
0.270000, 0.590822
0.280000, 0.609244
0.290000, 0.643652
0.300000, 0.669646
0.310000, 0.682645
0.320000, 0.713458
0.330000, 0.726272
0.340000, 0.749675
0.350000, 0.761486
0.360000, 0.788087
0.370000, 0.807685
0.380000, 0.813298
0.390000, 0.820907
0.400000, 0.848108
0.410000, 0.850906
0.420000, 0.868921
0.430000, 0.882119
0.440000, 0.895726
0.450000, 0.892726
0.460000, 0.898133
0.470000, 0.908538
0.480000, 0.918346
0.490000, 0.923145
0.500000, 0.933350
0.510000, 0.935951
0.520000, 0.939357
0.530000, 0.949957
0.540000, 0.957562
0.550000, 0.958563
0.560000, 0.961567
0.570000, 0.964370
0.580000, 0.968171
0.590000, 0.967972
0.600000, 0.977977
0.610000, 0.975177
0.620000, 0.977379
0.630000, 0.984580
0.640000, 0.983784
0.650000, 0.982983
0.660000, 0.983784
0.670000, 0.987786
0.680000, 0.988587
0.690000, 0.992389
0.700000, 0.991389
0.710000, 0.992989
0.720000, 0.994591
0.730000, 0.995591
0.740000, 0.994591
0.750000, 0.996392
0.760000, 0.995194
0.770000, 0.996993
0.780000, 0.997994
0.790000, 0.996994
0.800000, 0.998195
0.810000, 0.999396
0.820000, 0.997995
0.830000, 0.999196
0.840000, 0.999597
0.850000, 0.999197
0.860000, 0.999797
0.870000, 0.999998
0.880000, 0.999598
0.890000, 0.999998
0.900000, 0.999998
0.910000, 0.999999
0.920000, 0.999999
0.930000, 0.999999
0.940000, 0.999999
0.950000, 1.000000
0.960000, 1.000000
0.970000, 1.000000
0.980000, 1.000000
0.990000, 1.000000
1.000000, 1.000000
5195.37user 4.67system 21:46.33elapsed 398%CPU (0avgtext+0avgdata 4640maxresident)k
0inputs+0outputs (0major+205minor)pagefaults 0swaps

